3.97698535404796516
3.98810674081548866
3.99928634846696518
4.01052461384088588
4.02182197800542873
4.03317888630846699
4.04459578842824019
4.05607313842474948
4.06761139479187328
4.07921102051023432
4.09087248310075502
4.10259625467902289
4.11816918946724808
4.13385265083531195
4.14964776271218305
4.16555566377806841
4.18157750770083148
4.19771446337693011
4.21396771517688506
4.23033846319544793
4.24682792350652161
4.26343732842297829
4.28016792676144942
4.30097387216564631
4.32196855253190115
4.34315441916442069
4.36453396446084785
4.38610972275396360
4.40788427117378667
4.42986023053057565
4.45204026621940940
4.47442708914683163
4.49702345668031267
4.51983217362109091
4.54696192587880876
4.57439472532405311
4.60213541373900537
4.63018893274394561
4.65856032631397809
4.68725474337079007
4.71627744045202046
4.74563378446090844
4.77532925549907539
4.80536944978522573
4.83576008266293922
4.87074025571837677
4.90618960125698500
4.94211710748154598
4.97853198479681591
5.01544367252923351
5.05286184588718612
5.09079642317182302
5.12925757324885545
5.16825572329231786
5.20780156681167039
5.24790607197434600
5.29289133392231115
5.33858828344970338
5.38501297513170574
5.43218193083577905
5.48011215637356131
5.52882115885620973
5.57832696478766188
5.62864813893217963
5.67980380399465989
5.73181366115423785
5.78469801149422302
5.84277037732064652
5.90191255505793677
5.96215259182978130
6.02351948351515976
6.08604321408479443
6.14975479687424276
6.21468631790446668
6.28087098136789646
6.34834315740573363
6.41713843231070946
6.48729366129833362
6.56294054508987035
6.64019508333934017
6.71910579829473509
6.79972310241890998
6.88209938878130956
6.96628912659302735
7.05234896222587881
7.14033782608200251
7.23031704570848799
7.32235046558208857
7.41650457402196839
7.51640465390232304
7.61873779836633513
7.72358799983351751
7.83104299622206312
7.94119447640574094
8.05413829911173096
8.16997472628497690
8.28880867203423577
8.41074996837370570
8.53591364908232997
8.66442025312226605
8.79877926693833068
8.93687210616174532
9.07884562416904828
9.22485414696677530
9.37505994213068305
9.52963372292527033
9.68875519068734903
9.85261361886755438
10.02140848246906835
10.19535013700823534
10.37466055155191036
10.55957410086708492
10.75033842225711922
10.94721534326222034
11.15048188707926791
11.36043136331805670
11.57737455256815728
11.80164099421763346
12.03358038805636632
12.27356412143157982
12.52198693512174188
12.77926874268202440
13.04110836110946181
13.31238265905147067
13.59357273365526986
13.88519159769638556
14.18778680575633544
14.50194333982601158
14.82828678436789538
15.16748682487158639
15.52026110854405871
15.88737951108995361
16.26966885968252186
16.65371835674900680
17.05357546109225808
17.47016282272959486
17.90447339919338532
18.35757711834340711
18.83062830066817028
19.32487394273716319
19.84166297916565114
20.38245665891297520
20.94884019349995441
21.54253586046815627
22.13127073770309394
22.74787407907724912
23.39422271844478729
24.07235909433445897
24.78450946979623026
25.53310456948063489
26.32080301164243608
27.15051798106141590
28.02544767128228997
28.94911012438085152
29.92538321781711019
30.88078852060526458
31.88880810488455353
32.95358154800675976
34.07967671619432082
35.27214519664919834
36.53658641207911728
37.87922202548494965
39.30698258903651521
40.82760882221703014
42.44977044503939112
44.18320617345880663
45.85672662264755672
47.63945138413203750
49.54161237690310315
51.57470785108309741
53.75169934454344656
56.08724589413373707
58.59798387577281886
61.30286304685751020
64.22355222969316912
67.38493183621467608
70.81569541259278822
74.08266658110238723
77.60983609383553983
81.42715262184289315
85.56914700520049166
90.07581922010409414
94.99373564045342277
100.37739629834503319
106.29095181308463225
112.81037739036581513
120.02625027401056457
128.04733252956992828
135.59002119756300431
143.90484259625378627
153.10714093883242981
163.33539916716222251
174.75717634620508534
187.57693352054431557
202.04647666655753824
218.47908122896242844
237.26888150271355471
258.91792659808822918
284.07462663540792391
307.62020967777021951
334.61036708076755986
365.79424787152072440
402.14431903314147121
444.94348276289667865
495.91541341271602050
557.42489135921789511
632.79539953348057679
726.83098340427318362
846.71052210282937267
1003.59866532807029671
1157.82710564429908118
1356.04802792544410295
1618.07814345982137638
1976.89481300811257825
2491.15304582371027209
3274.68443231858873332
4576.48627913628024544
7045.93241070710610074
