0.01318189446677021
0.02642106365511804
0.03971760288748097
0.05307160655241364
0.06648316810101712
0.07995238004346282
0.09347933394561167
0.10706412042572785
0.12070682915128959
0.13440754883589517
0.14816636723626597
0.16753372558014054
0.18701544772045628
0.20661176520120678
0.22632290583486450
0.24614909368938329
0.26609054907594232
0.28614748853743466
0.30632012483769971
0.32660866695150065
0.34701332005525004
0.36753428551848011
0.39370362379588603
0.42006041435052238
0.44660504039170063
0.47333787524035070
0.50025928231495842
0.52736961512056701
0.55466921724083862
0.58215842233314519
0.60983755412669582
0.63770692642366456
0.66576684310331224
0.69931240963946495
0.73312718599126636
0.76721162568260359
0.80156616266477787
0.83619121136364005
0.87108716673459252
0.90625440432535076
0.94169328034634014
0.97740413174861440
1.01338727630916181
1.04964301272347327
1.09094435476826046
1.13259456719440954
1.17459399413519794
1.21694294937108083
1.25964171656704105
1.30269054952303720
1.34608967243717603
1.38983928018118852
1.43393953858781176
1.47839058474965723
1.52319252732913712
1.57224628627503882
1.62171407344378582
1.67159591679532138
1.72189180669145681
1.77260169644054444
1.82372550285576351
1.87526310682623909
1.92721435390017515
1.97957905487922114
2.03235698642325380
2.08554789166480914
2.14178633706380683
2.19847849006158880
2.25562393980759568
2.31322223801044924
2.37127289976542555
2.42977540438851269
2.48872919625596456
2.54813368564846376
2.60798824959881470
2.66829223274228555
2.72904494816860854
2.79121546214852101
2.85384746464753913
2.91694014117236922
2.98049264730053753
3.04450410959671469
3.10897362652531895
3.17390026935858138
3.23928308307928337
3.30512108727740905
3.37141327703996829
3.43815862383332771
3.50430824330409019
3.57089500083100564
3.63791785291163805
3.70537573706553847
3.77326757260731060
3.84159226140969334
3.91034868865632701
3.97953572358376340
4.04915222021237131
4.11919701806586325
4.18966894287904967
4.25724840506586233
4.32521393660136866
4.39356448850245052
4.46229900258390444
4.53141641196801981
4.60091564158435062
4.67079560865969956
4.74105522319817752
4.81169338845126493
4.88270900137788910
4.95410095309439669
5.02016951170192982
5.08655532968508783
5.15325753009889542
5.22027523297377627
5.28760755558129514
5.35525361269377953
5.42321251683784933
5.49148337854185264
5.56006530657726650
5.62895740819407120
5.69815878935014997
5.75965030538510003
5.82138266483048472
5.88335524653710440
5.94556742906148994
6.00801859077550304
6.07070810997312016
6.13363536497455186
6.19679973422770658
6.26020059640700577
6.32383733050956121
6.38770931594880675
6.44171593428575306
6.49588880059041252
6.55022754445635336
6.60473179585015746
6.65940118514630974
6.71423534316124826
6.76923390118655455
6.82439649102128953
6.87972274500355052
6.93521229604114886
6.99086477764152026
7.03490096197468073
7.07903822007595451
7.12327637265310276
7.16761524068553335
7.21205464543240815
7.25659440844048564
7.30123435155191736
7.34597429691175741
7.39081406697536636
7.43575348451560014
7.48079237262985686
7.51301178385533142
7.54528175334196671
7.57760221700786651
7.60997311086144457
7.64239437100258989
7.67486593362380454
7.70738773501134311
7.73995971154634343
7.77258179970587637
7.80525393606405959
7.83797605729308788
