0.01484189741374474
0.02968379482748947
0.04452569224123420
0.05936758965497894
0.07420948706872368
0.08905138448246842
0.10389328189621316
0.11873517930995790
0.13357707672370264
0.14841897413744737
0.16326087155119209
0.18404727733424342
0.20483368311729475
0.22562008890034607
0.24640649468339740
0.26719290046644872
0.28797930624950002
0.30876571203255132
0.32955211781560262
0.35033852359865392
0.37112492938170522
0.39191133516475651
0.41824964192330932
0.44458794868186213
0.47092625544041494
0.49726456219896775
0.52360286895752051
0.54994117571607326
0.57627948247462601
0.60261778923317877
0.62895609599173152
0.65529440275028428
0.68163270950883703
0.71288766513548008
0.74414262076212312
0.77539757638876616
0.80665253201540921
0.83790748764205225
0.86916244326869530
0.90041739889533834
0.93167235452198138
0.96292731014862443
0.99418226577526747
1.02543722140191051
1.06075869264099842
1.09608016388008633
1.13140163511917424
1.16672310635826215
1.20204457759735006
1.23736604883643797
1.27268752007552588
1.30800899131461379
1.34333046255370170
1.37865193379278961
1.41397340503187752
1.45233353238219398
1.49069365973251045
1.52905378708282691
1.56741391443314337
1.60577404178345984
1.64413416913377630
1.68249429648409277
1.72085442383440923
1.75921455118472569
1.79757467853504216
1.83593480588535862
1.87617292599253682
1.91641104609971502
1.95664916620689322
1.99688728631407142
2.03712540642124962
2.07736352652842804
2.11760164663560602
2.15783976674278399
2.19807788684996197
2.23831600695713995
2.27855412706431792
2.31942749927890723
2.36030087149349654
2.40117424370808585
2.44204761592267516
2.48292098813726447
2.52379436035185378
2.56466773256644309
2.60554110478103240
2.64641447699562171
2.68728784921021102
2.72816122142480033
2.76839934153197831
2.80863746163915629
2.84887558174633426
2.88911370185351224
2.92935182196069022
2.96958994206786819
3.00982806217504617
3.05006618228222415
3.09030430238940212
3.13054242249658010
3.17078054260375808
3.20914066995407454
3.24750079730439101
3.28586092465470747
3.32422105200502394
3.36258117935534040
3.40094130670565686
3.43930143405597333
3.47766156140628979
3.51602168875660626
3.55438181610692272
3.59274194345723918
3.62806341469632709
3.66338488593541500
3.69870635717450291
3.73402782841359082
3.76934929965267873
3.80467077089176664
3.83999224213085455
3.87531371336994246
3.91063518460903037
3.94595665584811828
3.98127812708720619
4.01253308271384945
4.04378803834049272
4.07504299396713598
4.10629794959377925
4.13755290522042252
4.16880786084706578
4.20006281647370905
4.23131777210035231
4.26257272772699558
4.29382768335363885
4.32508263898028211
4.35142094573883487
4.37775925249738762
4.40409755925594038
4.43043586601449313
4.45677417277304588
4.48311247953159864
4.50945078629015139
4.53578909304870415
4.56212739980725690
4.58846570656580965
4.61480401332436241
4.63559041910741332
4.65637682489046423
4.67716323067351514
4.69794963645656605
4.71873604223961696
4.73952244802266787
4.76030885380571878
4.78109525958876969
4.80188166537182060
4.82266807115487151
4.84345447693792241
4.85829637435166717
4.87313827176541192
4.88798016917915668
4.90282206659290143
4.91766396400664618
4.93250586142039094
4.94734775883413569
4.96218965624788044
4.97703155366162520
4.99187345107536995
5.00671534848911470
