3.97698535404797804
3.99675089908096659
4.01670066501854262
4.03683711680255453
4.05716276200544179
4.07768015173167075
4.09839188154166134
4.11930059239892810
4.14040897164099864
4.16171975397493998
4.18323572249806830
4.20495970974470801
4.22929898958595896
4.25390167471415026
4.27877185202226862
4.30391369033023086
4.32933144239318768
4.35502944696804661
4.38101213094014419
4.40728401151208615
4.43384969845687849
4.46071389643751193
4.48788140739525954
4.51795050612707438
4.54839491312913147
4.57922133370575501
4.61043662787147657
4.64204781471730143
4.67406207692281850
4.70648676541971156
4.73932940421257509
4.77259769536319300
4.80629952414467265
4.84044296437213450
4.87778989315451561
4.91567127818361005
4.95409804743294302
4.99308141731208277
5.03263290198289415
5.07276432303219948
5.11348781951652231
5.15481585839565337
5.19676124537232376
5.23933713615639984
5.28255704817284322
5.32930083381722852
5.37680780614451947
5.42509573257202238
5.47418291428328718
5.52408820586402260
5.57483103579453054
5.62643142784207928
5.67891002339894513
5.73228810481476359
5.78658761977442460
5.84183120677598744
5.90093868105817609
5.96114291149077680
6.02247285276204991
6.08495844583579260
6.14863065913122941
6.21352153174481270
6.27966421883172821
6.34709303927232771
6.41584352575737693
6.48595247743459780
6.55745801526893413
6.63318460268960930
6.71050366244322838
6.78946273724993521
6.87011120153785182
6.95250034807084294
7.03668347945112327
7.12271600481579537
7.21065554207070125
7.30056202603075644
7.39249782286405654
7.48652785126786835
7.58514373962893629
7.68610635141909881
7.78949480823790719
7.89539167685051346
8.00388315368583925
8.11505926111600395
8.22901405639433214
8.34584585420409475
8.46565746385187090
8.58855644223011794
8.71465536377175098
8.84569011407530148
8.98025323678328569
9.11847913837085500
9.26050884718072354
9.40649041563361266
9.55657935163406158
9.71093908164682773
9.86974144815968124
10.03316724451550179
10.20140679039385212
10.37466055155187483
10.55313980780303673
10.73706737362198282
10.92667837622238380
11.12222109646685908
11.32395787854191660
11.53216611497373023
11.74713931428289371
11.96918825938813669
12.19864226578301647
12.43585054954022340
12.68118371636261976
12.93188855637998458
13.19130860081825851
13.45987239407357983
13.73803587908683532
14.02628456884856512
14.32513592440538908
14.63514196236882725
14.95689211787417250
15.29101639231184073
15.63818881902700397
15.99913128463664869
16.36531404637515763
16.74611319637085316
17.14235561842479072
17.55492923158915985
17.98478858994091922
18.43296110000008170
18.90055393574535003
19.38876174311382528
19.89887523983053086
20.43229083278517066
20.99052139442987297
21.55343495981744084
22.14250583063043365
22.75946252232235167
23.40618314051023674
24.08471151712713265
24.79727544470265599
25.54630732993339493
26.33446764457794487
27.16467162008072123
28.04011971481724075
28.96433248275903694
29.89245711583227916
30.87191599598917691
31.90676558287926312
33.00148388872383265
34.16102528707094166
35.39088394633709100
36.69716749292548030
38.08668285572707646
39.56703667688204717
41.14675321701918875
42.83541336868886873
44.53013921016415821
46.34054932662986204
48.27799567600833797
50.35530355558043425
52.58701224008856201
54.98966348766877132
57.58214924676110513
60.38613303711603209
63.42656362300306938
66.73230511465146719
70.33691504557367580
73.97838114807720444
77.94659673552433787
82.28410914025474199
87.04086323736318320
92.27583648416745632
98.05911889637886247
104.47458375977498690
111.62335149111331134
119.62833142111553286
128.64024796339361956
138.84574051337594369
149.41792549308877369
161.40569278068019798
175.08931368175078092
190.82466972650888692
209.06976851630295755
230.42299531604149365
255.67953015209758405
285.91666613398808749
322.62656819983436662
367.92974475079472541
424.93166754136979080
490.22015969156473147
574.13240519202770429
685.05764299823727015
836.95657204935309892
1054.66033049339444005
1386.35865384577869008
1937.46269845357710437
2982.88013899817906349
5479.84978542434964766
-nan(ind)
