3.04858735157374294
3.06003961267658031
3.07157824088556275
3.08320421690359803
3.09491853633791747
3.10672220998429038
3.11861626411777104
3.13060174079015008
3.14267969813428705
3.15485121067552177
3.16711736965034385
3.17947928333252960
3.19330233971778776
3.20724611476238941
3.22131219678089131
3.23550220207419903
3.24981777554869966
3.26426059135190272
3.27883235352510649
3.29353479667362459
3.30836968665512421
3.32333882128665348
3.33844403107094845
3.35512422011747535
3.37197192781966848
3.38898969049110255
3.40618009590642234
3.42354578461315961
3.44108945128388255
3.45881384611013498
3.47672177623967915
3.49481610725861414
3.51309976472002283
3.53157573572085237
3.55173123230433774
3.57211811335043938
3.59274038629121106
3.61360215163763643
3.63470760569779205
3.65606104339082627
3.67766686116071462
3.69952955999394062
3.72165374854546016
3.74404414637750405
3.76670558731599758
3.79113882419038672
3.81589110949752230
3.84096873349286794
3.86637815288129083
3.89212599635934531
3.91821907038049488
3.94466436515379515
3.97146906088715657
3.99864053428688848
4.02618636532588781
4.05411434429352191
4.08388898546162160
4.11410421033889495
4.14476987097804983
4.17589611537816552
4.20749339868121197
4.23957249488076382
4.27214450907044974
4.30522089026139643
4.33881344479973219
4.37293435041719825
4.40759617094998468
4.44415361349745197
4.48132255673784385
4.51911847304257730
4.55755736120498689
4.59665576902068551
4.63643081704026461
4.67690022356594604
4.71808233096887708
4.75999613340918959
4.80266130604682751
4.84609823583754196
4.89143998631551735
4.93763821611823062
4.98471742422673714
5.03270305298470078
5.08162153394638771
5.13150033642479109
5.18236801892725563
5.23425428368095780
5.28719003446700064
5.34120743799972963
5.39633998910743795
5.45332434051651305
5.51152502457913407
5.57098140539350872
5.63173456416521301
5.69382739386724701
5.75730470023195373
5.82221330957452121
5.88860218399334645
5.95652254454287355
6.02602800303010167
6.09717470314747967
6.17002147172302084
6.24462998094400223
6.32106492249448237
6.39939419464005876
6.47968910339705051
6.56202457903884984
6.64647940932121539
6.73313649095236588
6.82208310099501869
6.91341119006818783
7.00721769941931605
7.10241419152950915
7.20023288974650733
7.30078365085850134
7.40418255513437717
7.51055235336184612
7.62002295298059185
7.73273194735827385
7.84882519274335433
7.96845743798162331
8.09179301271314166
8.21900658048530453
8.34704401953516140
8.47913377556012371
8.61547132240340652
8.75626491160219267
8.90173663379518310
9.05212358771939662
9.20767916973822942
9.36867449865310320
9.53539999265132998
9.70816711768552310
9.88731032942836485
10.06629860722779668
10.25188674923017373
10.44444664869333650
10.64437867462878273
10.85211445046680723
11.06811996456866076
11.29289905976141206
11.52699735689465754
11.77100667673226120
12.02557003561910598
12.29138730370330457
12.55543495415497723
12.83107638406563566
13.11909232137060499
13.42033520284821080
13.73573760056393134
14.06632186513300375
14.41321119585708033
14.77764239027973048
15.16098057811458588
15.56473630947023956
15.99058544826466921
16.41230010787485583
16.85686077302318964
17.32617562278306877
17.82237142582740930
18.34782576365265072
18.90520512716132728
19.49751017470037340
20.12812977294574068
20.80090587557953441
21.52021186319463553
22.29104771961555898
23.05641615689044954
23.87621157294664798
24.75645363078529826
25.70408367849573850
26.72714817211152649
27.83502771734710279
29.03872553941387835
30.35123418336191747
31.78800636798218449
33.36756622131911598
35.11231228037928531
36.87510281984977922
38.82424868460429224
40.99095019755331037
43.41378425664527896
46.14102130274454083
49.23387413172785187
52.77114719789641839
56.85604527130308838
61.62640967535497083
67.27057955409935630
74.05284800610070306
81.45813280671077905
90.50903645190085456
101.82266600838846671
116.36876115244395180
135.76355467785128894
162.91626561342155810
203.64533201677693341
271.52710935570257789
407.29066403355386683
814.58132806710773366
