3.97698535404797315
4.05815297771827233
4.14246630988172360
4.23010247261795858
4.32125163240366295
4.41611818893129549
4.51492209355335916
4.61790031388625799
4.72530846353508149
4.83742261873394419
4.95454134701062365
5.07698797687253833
5.20511314208465858
5.33929763950556957
5.47995564583173600
5.62753834617653403
5.78253803643168407
5.94549277213418659
6.11699164947887208
6.29768081965480508
6.48827035644519690
6.68954211977157254
6.90235878553867543
7.12767424596007615
7.36654562606189423
7.62014721325761446
7.88978666031877562
8.17692390105180955
8.48319331686030154
8.81042981680876558
9.16069965132319730
9.53633698026672505
9.93998747322576293
10.37466055155187661
10.84379231270821542
11.35132174167347685
11.90178355856968828
12.50042204210245167
13.15333149788187406
13.86763084224593179
14.65168223820483995
15.51536713222884600
16.47043781672759621
17.53096941216093541
18.71394688592094013
20.04003589567702548
21.53460722454079601
23.22911617280609420
25.16298675926659101
27.38622653839949805
29.96311954144284329
32.97754481359998380
36.54080590098090653
40.80344577987459331
45.97358609901864668
52.34633208595775500
60.35273190305777291
70.64499610295426635
84.25292480073528623
102.89025481236367909
129.60515765677217814
170.31328190502105713
237.95475956993996647
366.27716559854576417
672.79159201017910164
1902.76802196289827407
