3.04858735157373983
3.09548869544410543
3.14385570631041977
3.19375817783915661
3.24527040651398169
3.29847156071912906
3.35344608673111466
3.41028415599774393
3.46908215868736036
3.52994324919064750
3.59297795006905218
3.65830482188848949
3.72605120747901752
3.79635406045031987
3.86936086930513401
3.94523069027190143
4.02413530407733955
4.10626051436463246
4.19180760841389510
4.28099500433759594
4.37406011312754384
4.47126144897482281
4.57288102736061486
4.67922709776434953
4.79063726675873802
4.90748207814309723
5.03016913009667466
5.15914782574017927
5.29491487378597281
5.43802068118559312
5.58907681121852562
5.74876472011048278
5.91784603540784993
6.09717470314748144
6.28771141262084043
6.49054081302796426
6.70689217346223110
6.93816431737472250
7.18595590013810614
7.45210241495803594
7.73872173861026980
8.04827060815467910
8.38361521682779021
8.74812022625508590
9.14576205472122616
9.58127453351747604
10.06033826019334931
10.58982974757194739
11.17815362243705479
11.83569207081570518
12.57542282524168797
13.41378434692446575
14.37191180027621407
15.47744347722053959
16.76723043365558041
18.29152410944245233
20.12067652038669863
22.35630724487410959
25.15084565048337595
28.74382360055242813
33.53446086731116083
40.24135304077339725
50.30169130096675190
67.06892173462233586
100.60338260193350379
201.20676520386700759
