3.97698535404798381
4.02531794895751638
4.07475849842725957
4.12534366562411314
4.17711169039410013
4.23010247261796746
4.28435766080312685
4.33992074629407210
4.39683716351505716
4.45515439669383984
4.51492209355336627
4.57619218650006321
4.63901902188331583
4.70345949795107732
4.76957321218180663
4.83742261873394686
4.90707319682105414
4.97859363089466811
5.05205600359847118
5.12753600254738462
5.20511314208465858
5.28487100128040144
5.36689747955684204
5.45128507146126484
5.53813116225777957
5.62753834617652871
5.71961476934491131
5.81447449963317098
5.91223792587809882
6.01303218920766458
6.11699164947886587
6.22425839016578486
6.33498276539898697
6.44932399326662864
6.56745079994830228
6.68954211977156010
6.81578785686716149
6.94638971476128564
7.08156210099335226
7.22153311469863990
7.36654562606188446
7.51685845764839833
7.67274767887375475
7.83450802630683274
8.00245446414123407
8.17692390105179889
8.35827708181464502
8.54690067455878300
8.74320957738996718
8.94764947144972211
9.16069965132319020
9.38287616818344183
9.61473532627032057
9.85687757938480758
10.10995188120075028
10.37466055155187483
10.65176473068701490
10.94209050509260628
11.24653580221969307
11.56607816776350894
11.90178355856967940
12.25481630745464656
12.62645044405906880
13.01808258934192075
13.43124668176507264
13.86763084224591935
14.32909674462797867
14.81770193135072766
15.33572560352218339
15.88569852498499912
16.47043781672758200
17.09308758826920993
17.75716656576024022
18.46662414471902736
19.22590663474070993
20.04003589567700416
20.91470311853968056
21.85638121869198258
22.87246023683734819
23.97141135780546861
25.16298675926656614
26.45846463377560909
27.87095158808187279
29.41575849953441590
31.11087121446732695
32.97754481359996248
35.04106044385446239
37.33169827783784456
39.88600107970125208
42.74843334242023474
45.97358609901862536
49.62914549470616521
53.79994753736313129
58.59360487431035835
64.14845331591146760
70.64499610295423793
78.32275095390917841
87.50567260186356577
98.64161377251771512
112.36559629164474927
129.60515765677217814
151.76371847815426008
181.05716702198961343
221.17302433607972034
278.67011164735254169
366.27716559854565048
511.83735738891340361
787.96464653525799804
1447.50408573219192476
4094.02507485166688639
