3.04858735157374605
3.07655604287258777
3.10504267289918534
3.13406176330011244
3.16362838370860366
3.19375817783916149
3.22446739108761493
3.25577289973895079
3.28769224189325371
3.32024365022883039
3.35344608673111866
3.38731927952638223
3.42188376197052868
3.45716091415579152
3.49317300701158073
3.52994324919064972
3.56749583694799677
3.60585600723775990
3.64505009427295246
3.68510558981441294
3.72605120747901752
3.76791695138327576
3.81073418946717624
3.85453573187484455
3.89935591480362120
3.94523069027189877
3.99219772229894465
4.04029649003748670
4.08956839845257747
4.14005689719890579
4.19180760841389244
4.24486846421659969
4.29928985478347947
4.35512478796248548
4.41242906148830727
4.47126144897481836
4.53168390098799190
4.59376176264536085
4.65756400934876869
4.72316350243818839
4.79063726675873358
4.86006679236393335
4.93153836283987346
5.00514341303151333
5.08097891928956624
5.15914782574017483
5.23975951051736555
5.32293029639859316
5.40878401085663540
5.49745260119854695
5.58907681121852296
5.68380692666290521
5.78180359781226549
5.88323874865107754
5.98829658344841764
6.09717470314747967
6.21008534579835914
6.32725676741719667
6.44893478217521920
6.57538448378649854
6.70689217346222843
6.84376752394104937
6.98634601402315436
7.13499167389598732
7.29010018854590047
7.45210241495803150
7.62146837893435070
7.79871182960724241
7.98439544459789108
8.17913679690515671
8.38361521682778488
8.59857970956695894
8.82485812297661631
9.06336780197598380
9.31512801869753915
9.58127453351746894
9.86307672567974869
10.16195783857913426
10.47951902103473287
10.81756802171327259
11.17815362243704769
11.56360719562453276
11.97659316689683706
12.42017069159672005
12.89786956435044196
13.41378434692445865
13.97269202804631227
14.58020037709180450
15.24293675786870494
15.96879088919578571
16.76723043365557331
17.64971624595323618
18.63025603739508185
19.72615345135950093
20.95903804206946930
22.35630724487410248
23.95318633379368478
25.79573912870089103
27.94538405609263521
30.48587351573742055
33.53446086731116083
37.26051207479018501
41.91807608413895281
47.90637266758737667
55.89076811218527041
67.06892173462232165
83.83615216827790562
111.78153622437054082
167.67230433655581123
335.34460867311162247
