0.00297443302180268
0.00594886604360536
0.00892329906540805
0.01189773208721073
0.01487216510901341
0.01784659813081609
0.02082103115261878
0.02379546417442146
0.02676989719622414
0.02974433021802683
0.03271876323982951
0.03569319626163219
0.03866762928343487
0.04164206230523756
0.04461649532704024
0.04759092834884292
0.05056536137064561
0.05353979439244829
0.05651422741425097
0.05948866043605366
0.06435251646831763
0.06921637250058162
0.07408022853284560
0.07894408456510958
0.08380794059737356
0.08867179662963755
0.09353565266190153
0.09839950869416551
0.10326336472642950
0.10812722075869348
0.11299107679095746
0.11785493282322144
0.12271878885548543
0.12758264488774940
0.13244650092001337
0.13731035695227733
0.14217421298454130
0.14703806901680527
0.15190192504906924
0.15676578108133321
0.16293715840582840
0.16910853573032358
0.17527991305481877
0.18145129037931396
0.18762266770380914
0.19379404502830433
0.19996542235279952
0.20613679967729470
0.21230817700178989
0.21847955432628507
0.22465093165078026
0.23082230897527545
0.23699368629977063
0.24316506362426582
0.24933644094876101
0.25550781827325619
0.26167919559775138
0.26785057292224657
0.27402195024674175
0.28019332757123694
0.28683135384211050
0.29346938011298407
0.30010740638385763
0.30674543265473120
0.31338345892560476
0.32002148519647833
0.32665951146735189
0.33329753773822546
0.33993556400909902
0.34657359027997259
0.35321161655084615
0.35984964282171972
0.36648766909259328
0.37312569536346685
0.37976372163434041
0.38640174790521398
0.39303977417608754
0.39967780044696111
0.40631582671783467
0.41295385298870824
0.41912523031320342
0.42529660763769861
0.43146798496219380
0.43763936228668898
0.44381073961118417
0.44998211693567935
0.45615349426017454
0.46232487158466973
0.46849624890916491
0.47466762623366010
0.48083900355815529
0.48701038088265047
0.49318175820714566
0.49935313553164085
0.50552451285613598
0.51169589018063111
0.51786726750512624
0.52403864482962137
0.53021002215411650
0.53638139947861163
0.54124525551087566
0.54610911154313968
0.55097296757540370
0.55583682360766773
0.56070067963993175
0.56556453567219578
0.57042839170445980
0.57529224773672383
0.58015610376898785
0.58501995980125188
0.58988381583351590
0.59474767186577993
0.59961152789804395
0.60447538393030797
0.60933923996257200
0.61420309599483602
0.61906695202710005
0.62393080805936407
0.62879466409162810
0.63365852012389212
0.63663295314569479
0.63960738616749746
0.64258181918930013
0.64555625221110280
0.64853068523290547
0.65150511825470814
0.65447955127651081
0.65745398429831348
0.66042841732011615
0.66340285034191881
0.66637728336372148
0.66935171638552415
0.67232614940732682
0.67530058242912949
0.67827501545093216
0.68124944847273483
0.68422388149453750
0.68719831451634017
0.69017274753814284
0.69314718055994551
