0.00471838079346837
0.00943676158693673
0.01415514238040510
0.01887352317387347
0.02359190396734184
0.02831028476081020
0.03302866555427857
0.03774704634774694
0.04246542714121531
0.04718380793468368
0.05190218872815205
0.05662056952162042
0.06133895031508878
0.06605733110855715
0.07077571190202551
0.07549409269549388
0.08021247348896225
0.08493085428243062
0.08964923507589899
0.09436761586936736
0.10235789680134871
0.11034817773333007
0.11833845866531142
0.12632873959729277
0.13431902052927411
0.14230930146125545
0.15029958239323679
0.15828986332521813
0.16628014425719947
0.17427042518918082
0.18226070612116216
0.19025098705314350
0.19824126798512484
0.20623154891710618
0.21422182984908753
0.22221211078106887
0.23020239171305021
0.23819267264503155
0.24618295357701289
0.25417323450899426
0.26341327008609211
0.27265330566318996
0.28189334124028781
0.29113337681738566
0.30037341239448351
0.30961344797158136
0.31885348354867921
0.32809351912577706
0.33733355470287490
0.34657359027997275
0.35581362585707060
0.36505366143416845
0.37429369701126630
0.38353373258836415
0.39277376816546200
0.40201380374255985
0.41125383931965770
0.42049387489675555
0.42973391047385340
0.43897394605095125
0.44696422698293259
0.45495450791491393
0.46294478884689527
0.47093506977887661
0.47892535071085796
0.48691563164283930
0.49490591257482064
0.50289619350680204
0.51088647443878343
0.51887675537076483
0.52686703630274623
0.53485731723472762
0.54284759816670902
0.55083787909869042
0.55882816003067182
0.56681844096265321
0.57480872189463461
0.58279900282661601
0.59078928375859741
0.59877956469057880
0.60349794548404723
0.60821632627751554
0.61293470707098385
0.61765308786445217
0.62237146865792048
0.62708984945138879
0.63180823024485711
0.63652661103832542
0.64124499183179373
0.64596337262526204
0.65068175341873036
0.65540013421219867
0.66011851500566698
0.66483689579913530
0.66955527659260361
0.67427365738607192
0.67899203817954024
0.68371041897300855
0.68842879976647686
0.69314718055994518
