0.99999831821754792
0.99999335564126512
0.99998523450277244
0.99997407447466724
0.99995999268208013
0.99994310371652773
0.99992351965191295
0.99990135006253000
0.99987670204294221
0.99984968022958987
0.99982038682401153
0.99978892161754218
0.99975538201737590
0.99971986307388405
0.99968245750906581
0.99964325574603585
0.99960234593944453
0.99955981400673788
0.99951574366016116
0.99947021643942113
0.99939001834270369
0.99930624098518361
0.99921923942974811
0.99912935238590384
0.99903690269881351
0.99894219784074445
0.99884553040290514
0.99874717858582462
0.99864740668665863
0.99854646558196869
0.99844459320472412
0.99834201501441355
0.99823894445931094
0.99813558343009112
0.99803212270408548
0.99792874237962159
0.99782561229996081
0.99772289246646051
0.99762073344067603
0.99751927673517793
0.99740300077894239
0.99728803299902824
0.99717455092225771
0.99706271867083374
0.99695268764261291
0.99684459716437646
0.99673857511852582
0.99663473854368012
0.99653319420975328
0.99643403916812145
0.99633736127753914
0.99624323970651296
0.99615174541284190
0.99606294160107489
0.99597688415863239
0.99589362207135390
0.99581319781923028
0.99573564775307000
0.99566100245286027
0.99558928706854988
0.99552964934767230
0.99547222769436583
0.99541702962393153
0.99536406024638413
0.99531332239611325
0.99526481675580125
0.99521854197483017
0.99517449478239184
0.99513267009551909
0.99509306112224016
0.99505565946006147
0.99502045518996840
0.99498743696613234
0.99495659210150267
0.99492790664946318
0.99490136548171215
0.99487695236253404
0.99485465001961593
0.99483444021155754
0.99481630379222152
0.99480655957886210
0.99479752717037950
0.99478920222875966
0.99478158032853337
0.99477465696058176
0.99476842753584549
0.99476288738891705
0.99475803178153832
0.99475385590599497
0.99475035488841490
0.99474752379196918
0.99474535761998739
0.99474385131897713
0.99474299978155856
0.99474279784931563
0.99474324031556272
0.99474432192803020
0.99474603739147516
0.99474838137021515
0.99475134849058389
