1.00020344064140887
1.00039914552925691
1.00058725960975003
1.00076792772276035
1.00094129449291769
1.00110750422452566
1.00126670080033842
1.00141902758424073
1.00156462732784424
1.00170364208101370
1.00183621310632320
1.00196248079742967
1.00208258460134325
1.00219666294457999
1.00230485316313978
1.00240729143628782
1.00250411272406903
1.00259545070852485
1.00268143773852314
1.00276220477815237
1.00288743702576943
1.00299868984356921
1.00309656981516238
1.00318167033428196
1.00325457119057804
1.00331583822332893
1.00336602303931599
1.00340566279106014
1.00343528001160154
1.00345538250201738
1.00346646326793487
1.00346900050134979
1.00346345760414390
1.00345028324983732
1.00342991148017457
1.00340276183333676
1.00336923950065948
1.00332973550891369
1.00328462692535259
1.00323427708286728
1.00316997527061269
1.00309965073386076
1.00302379935103847
1.00294289448660634
1.00285738759980170
1.00276770886928523
1.00267426782943536
1.00257745401441323
1.00247763760654940
1.00237517008593069
1.00227038487842379
1.00216359799969523
1.00205510869306846
1.00194520005934340
1.00183413967695900
1.00172218021109627
1.00160956001055457
1.00149650369139720
1.00138322270656976
1.00126991590083203
1.00117205761600014
1.00107443366932314
1.00097715164881729
1.00088031317345183
1.00078401412605267
1.00068834487948077
1.00059339051609242
1.00049923104052052
1.00040594158583551
1.00031359261314612
1.00022225010473576
1.00013197575081958
1.00004282713003989
0.99995485788380445
0.99986811788459906
0.99978265339840000
0.99969850724132114
0.99961571893063361
0.99953432483030158
0.99945435829117713
0.99940781972160686
0.99936179545268633
0.99931629097994723
0.99927131148271175
0.99922686183273046
0.99918294660263540
0.99913957007418785
0.99909673624634521
0.99905444884313865
0.99901271132136582
0.99897152687810697
0.99893089845806715
0.99889082876074309
0.99885132024742074
0.99881237514801224
0.99877399546772605
0.99873618299358047
0.99869893930076137
0.99866226575883055
0.99862616353777900
