1.00012915642103550
1.00025521739971346
1.00037821925205384
1.00049819829032183
1.00061519081183792
1.00072923308802464
1.00084036135369159
1.00094861179655981
1.00105402054702930
1.00115662366819103
1.00125645714608180
1.00135355688018568
1.00144795867418401
1.00153969822694577
1.00162881112377300
1.00171533282788694
1.00179929867216155
1.00188074385110459
1.00195970341307983
1.00203621225277706
1.00215613145609894
1.00226974126054169
1.00237719127926272
1.00247862977163660
1.00257420357348259
1.00266405803165748
1.00274833694294729
1.00282718249716063
1.00290073522433021
1.00296913394593190
1.00303251573001040
1.00309101585010918
1.00314476774789774
1.00319390299937439
1.00323855128454564
1.00327884036044712
1.00331489603740875
1.00334684215842906
1.00337480058155082
1.00339889116511838
1.00342407523860366
1.00344345801896062
1.00345727028708431
1.00346573755363044
1.00346908005693747
1.00346751276971480
1.00346124541390824
1.00345048248319757
1.00343542327258040
1.00341626191451749
1.00339318742113659
1.00336638373200815
1.00333602976702196
1.00330229948391647
1.00326536194003646
1.00322538135789974
1.00318251719419393
1.00313692421182399
1.00308875255466212
1.00303814782466905
1.00298116204911558
1.00292169454284608
1.00285990954240334
1.00279596565850571
1.00273001599807632
1.00266220828735086
1.00259268499571075
1.00252158345992970
1.00244903600852142
1.00237517008593024
1.00230010837630568
1.00222396892662924
1.00214686526899732
1.00206890654185954
1.00199019761004560
1.00191083918343327
1.00183092793411088
1.00175055661192158
1.00166981415827472
1.00158878581813382
1.00151326885834080
1.00143763832907173
1.00136195462506672
1.00128627568863959
1.00121065708068779
1.00113515205031578
1.00105981160305069
1.00098468456764356
1.00090981766144593
1.00083525555435759
1.00076104093134477
1.00068721455353260
1.00061381531787252
1.00054088031539701
1.00046844488806230
1.00039654268420453
1.00032520571260530
1.00025446439519428
1.00018434761840003
1.00011488278316962
1.00006061180460493
1.00000677403559068
0.99995338105461851
0.99990044393198785
0.99984797324327146
0.99979597908249263
0.99974447107501363
0.99969345839013657
0.99964294975342594
0.99959295345875532
0.99954347738008342
0.99949452898296098
0.99944611533577721
0.99939824312074943
0.99935091864465486
0.99930414784932131
0.99925793632186610
0.99921228930469908
0.99916721170529132
0.99912270810571058
0.99909577714734943
0.99906906337286172
0.99904256765881871
0.99901629084036969
0.99899023371198326
0.99896439702817608
0.99893878150423043
0.99891338781690209
0.99888821660511773
0.99886326847065954
0.99883854397884420
0.99881404365918691
0.99878976800605879
0.99876571747933174
0.99874189250501522
0.99871829347588492
0.99869492075209609
0.99867177466179613
0.99864885550171967
0.99862616353777922
