3.97698535404798958
4.00150250222695547
4.02630336368258490
4.05139265602136156
4.07677519833398527
4.10245591386692432
4.12843983277707594
4.15473209497262808
4.18133795304318934
4.20826277528243509
4.23551204880664933
4.26309138277269817
4.29641721936233179
4.33023048809343347
4.36454142080826291
4.39936052719726156
4.43469860403868932
4.47056674480213978
4.50697634963242333
4.54393913573133634
4.58146714815564859
4.61957277105061515
4.65826873933937691
4.70340397979426150
4.74935376184578129
4.79613914673746411
4.84378190012253818
4.89230452094156032
4.94173027170411761
4.99208321025375223
5.04338822310040413
5.09567106041009765
5.14895837274750257
5.20327774967324430
5.26476511969705641
5.32759765273267938
5.39181742229465932
5.45746820409124034
5.52459556054634948
5.59324693030946118
5.66347172309565838
5.73532142022487434
5.80884968125882217
5.88411245716563425
5.96116811047730888
6.04613714710956440
6.13333102621585713
6.22283283295989254
6.31472966730579888
6.40911288258143852
6.50607834093475645
6.60572668707797650
6.70816364184640701
6.81350031724512561
6.92185355481857378
7.03334628935815331
7.15343603476017620
7.27725663524723920
7.40497300546111603
7.53675950302702979
7.67280059533819436
7.81329158263650747
7.95843938294882225
8.10846338506896913
8.26359637648850587
8.42408555398409042
8.59019362548160004
8.76530025554199810
8.94682967444922461
9.13511650649306084
9.33051801309113849
9.53341598848450644
9.74421884595610877
9.96336391703432156
10.19131998919507609
10.42859011109805678
10.67571469846738808
10.93327497845172758
11.19938596595040892
11.47701303410592111
11.76686400419042222
12.06970341107671096
12.38635815363007708
12.71772382314308913
13.06477180551611461
13.42855726848874909
13.81022816372745687
14.21103539557934603
14.63234433455762940
15.05945764950481092
15.50848957091508851
15.98104149063026291
16.47886812300505355
17.00389584062240544
17.55824366009633408
18.14424732993115441
18.76448706177485803
19.42181955599118126
20.11941510745833384
20.86080074454878641
21.59910657543821344
22.38296455173230015
23.21639620318632780
24.10389105147756794
25.05047495258088475
26.06179055488728480
27.14419242047307179
28.30485998142174608
29.55193230378445435
30.89466966525827374
32.34364829614357717
33.76356284617509829
35.29174785999314423
36.94010342458490470
38.72226545258216390
40.65392549370719166
42.75322258845712753
45.04122656043688266
47.54253828232520362
50.28604084414307351
53.30584715370476090
56.64250571927912148
59.87256371067422123
63.42346976452559204
67.34164801763441233
71.68253005800954725
76.51278697370747750
81.91324583876644283
87.98274476431976154
94.84329313724305166
102.64707486940176295
111.58609821258048100
121.90571719938601802
131.88742994445291856
143.31261094833806169
156.49130414035735726
171.82475427002771085
189.84048146256307632
211.24449202499505418
237.00106800514291194
268.45842521925368374
307.55360379993953757
357.16039943731954054
421.70934930996446610
486.50255552779589152
569.77824374515807904
679.86201659333096359
830.60867467770106032
1046.66100073672782855
1375.84318971779543972
1922.76680816487851189
2960.25423708688231272
5438.28321996278737060
-nan(ind)
