3.04858735157374916
3.06278971671249201
3.07712502950055145
3.09159516549112734
3.10620203568315034
3.12094758736260847
3.13583380496795439
3.15086271098039417
3.16603636683990475
3.18135687388784394
3.19682637433706063
3.21244705227045246
3.23127432222055866
3.25032357607478284
3.26959876308417474
3.28910392673861152
3.30884320759462813
3.32882084620569341
3.34904118615927437
3.36950867722527692
3.39022787862063391
3.41120346239509242
3.43244021694346557
3.45713059684727897
3.48217875821331635
3.50759253456653042
3.53337998979691470
3.55954942669031960
3.58610939584119093
3.61306870496732868
3.64043642864798134
3.66822191850789370
3.69643481387131967
3.72508505291149294
3.75738497462069398
3.79024993594381909
3.82369489451701394
3.85773534061788226
3.89238732108765850
3.92766746455434701
3.96359300804012360
4.00018182504245168
4.03745245518502749
4.07542413554190652
4.11411683374600123
4.15657171310932316
4.19991193944002372
4.24416549886390726
4.28936156960253179
4.33553058612948661
4.38270430751506002
4.43091589028183552
4.48019996612241744
4.53059272486212095
4.58213200308428270
4.63485737887429217
4.69130744271101996
4.74914952324172024
4.80843575238198184
4.86922089811970160
4.93156253326596694
4.99552121733736154
5.06116069277751990
5.12854809685436042
5.19775419071373168
5.26885360723222984
5.34192511949421878
5.41840107524716430
5.49709852118127085
5.57811567937901387
5.66155664899410294
5.74753185249129395
5.83615852317218309
5.92756123851316818
6.02187250441789157
6.11923339614640849
6.21979426244088529
6.32371550023912476
6.43016833429203416
6.54026656873618872
6.65420071671807900
6.77217480201613853
6.89440757832561779
7.02113388301371000
7.15260614297084096
7.28909605287478346
7.43089644934614757
7.57832340820028350
7.73171859640592629
7.88564748893245948
8.04582994744072266
8.21265496271746720
8.38654447051876240
8.56795691479406152
8.75739128359968433
8.95539169251269485
9.16255260420065198
9.37952478959790881
9.60702215660039727
9.84582959722991369
10.08074954079910590
10.32715380414140860
10.58590562276681624
10.85795697069950805
11.14436026387784651
11.44628196595719949
11.76501846733966694
12.10201469322956669
12.45888600404048319
12.83744408841102214
13.23972772463664604
13.62804085368858686
14.03982020664492403
14.47725919648295445
14.94283338805964512
15.43934737421298919
15.96999131853593390
16.53840957327705752
17.14878449192318044
17.80593951236973638
18.51546688591154677
19.28388721192983368
20.01337627296521404
20.80022685937506566
21.65148157739216472
22.57538511057744657
23.58165212461048910
24.68181016367280023
25.88964322702911858
27.22177228869047028
28.69842475976313168
30.34446875325029680
32.19082493751312768
33.92756804696931283
35.86239801028458629
38.03125401895764668
40.47932889907689002
43.26425229940772255
46.46068495386212760
50.16711200307015162
54.51616985184611508
59.69085438953841560
65.95092822567369240
73.67789152245224216
81.04568067469746495
90.05075630521939445
101.30710084337181343
115.77954382099635211
135.07613445782908457
162.09136134939490148
202.61420168674362685
270.15226891565816913
405.22840337348725370
810.45680674697450740
