3.97698535404798070
4.00048139832188099
4.02423796154204361
4.04825919354808583
4.07254932968129957
4.09711269294000502
4.12195369619912189
4.14707684449622693
4.17248673738633080
4.19818807136782279
4.22418564238204652
4.25048434838908307
4.28088796206530020
4.31169834167299904
4.34292329446369596
4.37457082145310583
4.40664912330734282
4.43916660644072003
4.47213188933399142
4.50555380908223668
4.53944142818205965
4.57380404156819154
4.60865118391014494
4.64796368004933047
4.68790065406716572
4.72847631161686799
4.76970527606276917
4.81160260352303037
4.85418379855418447
4.89746483050931403
4.94146215060336669
4.98619270972106232
5.03167397700477803
5.07792395926214546
5.12898153556553282
5.18098986009148099
5.23397423157120567
5.28796081863884471
5.34297669649523499
5.39904988540547581
5.45620939113664782
5.51448524744930779
5.57390856076382946
5.63451155713083018
5.69632763164379341
5.76324305070376308
5.83160437724968883
5.90145614998370949
5.97284468028382598
6.04581813879072261
6.12042664702326178
6.19672237436215312
6.27475964076798309
6.35459502562808698
6.43628748315776988
6.51989846481549318
6.60878082624779406
6.69987398111643362
6.79325612548345070
6.88900903028329470
6.98721824225436272
7.08797329833014533
7.19136795454123856
7.29750043057350251
7.40647367123138167
7.51839562616970980
7.63337954938318308
7.75354520714161488
7.87713011128929352
8.00427230480575780
8.13511704162770322
8.26981725089687281
8.40853403692414858
8.55143721808082624
8.69870590815930456
8.85052914411588887
9.00710656452196723
9.16864914351374161
9.33473394166240489
9.50620087414634263
9.68329703142648412
9.86628421101004704
10.05543999959182599
10.25105895059925842
10.45345386698854107
10.66295720030807992
10.87992257837088594
11.10472647538459512
11.33777004010305767
11.57357597685871120
11.81806257667019189
12.07168244015657876
12.33491885450051839
12.60828837372537592
12.89234365954190054
13.18767661362096888
13.49492183635687503
13.81476045204396641
14.14792434601387683
14.49520086580368350
14.84107945007195362
15.20142047967042842
15.57708161345921027
15.96898689063397114
16.37813312116311693
16.80559701656516580
17.25254316178440561
17.72023294474855604
18.21003457884520671
18.72343437560808610
19.26204945105468980
19.79001086788630559
20.34312186522640786
20.92308645838685877
21.53175990750678892
22.17116545914259973
22.84351332298467696
23.55122223517646063
24.29694402368465234
25.08359166844272181
25.91437144268739701
26.79281983597370242
27.63994322970260598
28.53335415496275118
29.47666422727766644
30.47385553365981892
31.52932816430411478
32.64795512281217782
33.83514596881092018
35.09692083542530838
36.43999682318348476
37.87188922112957101
39.40103057082848181
40.85074122306591704
42.39239547769040684
44.03435816501316680
45.78599853207025205
47.65784168199627402
49.66174775685245635
51.81112489826072220
54.12118355207154252
56.60924166315106731
59.29509288362616815
62.20145329830575065
64.90726750799400691
67.81607717779044719
70.94984633933015061
74.33369164993894174
77.99645365049063628
81.97139451650386377
86.29705575886373481
91.01831972533354076
96.18773289511315738
101.86716839711492355
108.12993220157588325
113.84531203612084482
120.08373866853213485
126.91474500754902976
134.42021656574621602
142.69718358326690577
151.86139092338387968
162.05190689783603375
173.43713621123094981
186.22275483347547720
200.66231219328923885
217.07159154537831114
231.70312544551026690
248.05710610257733606
266.43136918633587129
287.19339719138474720
310.80131347885622972
337.83278783480392349
369.02550479418761142
405.33488061094055865
448.01810518403812011
498.75940510307418663
559.86175371308775084
612.64270399910981268
674.27367377080599908
746.98094962953985032
833.76643265594304921
938.76551276218219755
1067.81788940369438023
1229.41220836137995320
1436.31846648986493165
1708.55843661909625553
2079.16096318084646555
2606.21852798102872839
3006.75710351738098325
3521.54478064093700596
4202.04575134242804779
5133.90252356948167289
6469.44266395631257183
8504.28774757373867033
11885.08573012704073335
