3.04858735157374428
3.06219882624801754
3.07593239233278171
3.08978969992109498
3.10377242897575512
3.11788229000824657
3.13212102477628518
3.14649040700057103
3.16099224310135529
3.17562837295547418
3.19040067067451139
3.20531104540477951
3.22250767399614135
3.23988981916328855
3.25746049920552494
3.27522279825495266
3.29317986808118102
3.31133492995572754
3.32969127657843478
3.34825227406831605
3.36702136402136354
3.38600206563795458
3.40519797792262624
3.42679093359943288
3.44865948629882046
3.47080894619295011
3.49324476075688706
3.51597251923520515
3.53899795728409439
3.56232696179707276
3.58596557592283194
3.60992000428419857
3.63419661840768038
3.65880196237357680
3.68587060102332753
3.71334274462954861
3.74122748335524946
3.76953418247369143
3.79827249285536483
3.82745236193835892
3.85708404520831705
3.88717811821581183
3.91774548916072485
3.94879741207508150
3.98034550063781989
4.01435542618312358
4.04895155379542615
4.08414917107379871
4.11996410186050799
4.15641272996128297
4.19351202413591739
4.23127956443928799
4.26973356999869935
4.30889292831977322
4.34877722621991669
4.38940678249581140
4.43238931414742066
4.47622196899021318
4.52093021997074462
4.56654056799211983
4.61308059429623452
4.66057901608212344
4.70906574559609847
4.75857195294914792
4.80913013293882496
4.86077417617662899
4.91353944484805982
4.96837334570280564
5.02444492464103476
5.08179656417566150
5.14047260426752128
5.20051945665199966
5.26198572727320713
5.32492234750447402
5.38938271489972465
5.45542284429323487
5.52310153014643479
5.59248052113073157
5.66334993320896896
5.73603855112011285
5.81061733367398858
5.88716097866072996
5.96574817240737509
6.04646185959274085
6.12938953526548591
6.21462356122663184
6.30226150918163164
6.39240653334230302
6.48516777547007894
6.57833640978287182
6.67422106273960303
6.77294225564063890
6.87462774756706363
6.97941308698386198
7.08744221457022672
7.19886812291459588
7.31385357943240866
7.43257191969018738
7.55520791926778656
7.68195875338203837
7.80714009203301096
7.93646879845371700
8.07015445334955572
8.20842100047221201
8.35150799848354275
8.49967200607529350
8.65318811719214942
8.81235166568473893
8.97748012161640219
9.14891520484262166
9.32702524547199907
9.49994417531873125
9.67939590154522378
9.86575776094795387
10.05943672097117414
10.26087234640784907
10.47054012982499849
10.68895523882438248
10.91667674230146012
11.15431238869088482
11.40252402218022709
11.66203373852838787
11.90954833308774496
12.16779723432216720
12.43749421400978861
12.71941776084610964
13.01441858532525231
13.32342819378018461
13.64746871360386038
13.98766418797173472
14.34525360303651276
14.72160596575885450
15.11823781911399145
15.48948399969248513
15.87942195551196711
16.28949980281519316
16.72131921067489913
17.17665630792675913
17.65748610161564258
18.16601111486154352
18.70469511998621925
19.27630305686420797
19.88394850133288472
20.53115040388758317
21.12461567314785427
21.75341112476780836
22.42078846437316386
23.13041106621765408
23.88642124947873313
24.69352119377380106
25.55707083270826629
26.48320703220053218
27.47898965581617148
28.55258187035782669
29.71347443670731181
30.75340200927662337
31.86876143276511897
33.06806881873890092
34.36117234492808592
35.75952330185702266
37.27651612962144867
38.92791883934420838
40.73242314779233908
42.71235505848852654
44.89460327174234067
47.31184752299991203
49.41617723679477336
51.71641257686395221
54.24124631852301803
57.02526204108072960
60.11052769309173982
63.54873605109847290
67.40412432521810615
71.75752516850216978
76.71209592247684839
82.40159738636643283
89.00265177659910876
94.51317698825903335
100.75109744921164179
107.87061606593134400
116.07283660791709679
125.62506226367452200
136.89047777373141912
150.37537524647137843
166.80734301225299987
187.27100699562728892
213.45765876232516689
248.15836802114563397
272.97420482326020874
303.30467202584469533
341.21775602907524672
389.96314974751459204
454.95700803876707141
545.94840964652053117
682.43551205815060712
