3.97698535404797715
3.99662904916739459
4.01645469634201824
4.03646471503096649
4.05666156627644714
4.07704775357751004
4.09762582378553297
4.11839836802197201
4.13936802261911829
4.16053747008444397
4.18190944008926113
4.20348671048239986
4.22861066429330190
4.25401542819336420
4.27970550263888416
4.30568548128887318
4.33196005336572920
4.35853400608660291
4.38541222716791967
4.41259970740556806
4.44010154333344875
4.46792293996309287
4.49606921360724421
4.52809405008799359
4.56054391779011947
4.59342689328596165
4.62675125140375343
4.66052547118221927
4.69475824203682812
4.72945847014644638
4.76463528506946776
4.80029804659900972
4.83645635186710621
4.87312004270844756
4.91400317880098747
4.95552251655377063
4.99769220523060920
5.04052680047146850
5.08404127858189270
5.12825105141789006
5.17317198189490934
5.21882040015133075
5.26521312039842471
5.31236745849062242
5.36030125025177995
5.41279945382742955
5.46624606887539422
5.52066553159941176
5.57608309108818201
5.63252484245157703
5.69001776155983663
5.74858974147584068
5.80826963067616386
5.86908727316296996
5.93107355057536001
5.99426042641601065
6.06234481359619082
6.13184613934758449
6.20280636585153822
6.27526905976396510
6.34927946748959293
6.42488459465508210
6.50213329005345830
6.58107633435254247
6.66176653388206841
6.74425881983761677
6.82861035326591193
6.91814314392879837
7.00981003996196428
7.10368326442008158
7.19983819761009425
7.29835354674753845
7.39931152647664980
7.50279805106504583
7.60890293915332006
7.71772013201583285
7.82934792637247234
7.94388922288298449
8.06376623402022297
8.18690274686399633
8.31342434986564349
8.44346288935978428
8.57715685377852033
8.71465178604560542
8.85610072656509395
9.00166468945562315
9.15151317494545680
9.30582472113681369
9.46478749867448776
9.62894616816296534
9.79818546401699919
9.97272793488137133
10.15280876225441631
10.33867664660844987
10.53059476794464722
10.72884182809817410
10.93371318293454131
11.14552207351033530
11.36460096632358052
11.59130301396987583
11.82242714090625668
12.06169355562645329
12.30950822076373008
12.56630340596736239
12.83253980085903123
13.10870883166815837
13.39533520455185567
13.69297970159547262
14.00224225891981078
14.32376536026589342
14.65823778397320787
14.99501245995148224
15.34533085165839950
15.70996495300715523
16.08974415335662655
16.48556054163156759
16.89837479988700863
17.32922276321162869
17.77922273443165579
18.24958365562380536
18.74161425435179495
19.25673330127274951
19.76914018504965043
20.30523033107949260
20.86655982288144173
21.45481859694315574
22.07184479309984582
22.71964095933740069
23.40039239308601537
24.11648795069401530
24.87054371636345351
25.66542999364134658
26.50430216943113138
27.32898324748821750
28.19800398971070265
29.11476729849825063
30.08301928337293774
31.10689253938494758
32.19095602586132543
33.34027273480235465
34.56046658707515462
35.85780030306675314
37.23926637884947155
38.71269378035891862
40.14505028276849430
41.66879070780112926
43.29227948368421863
45.02489167060154074
46.87716631362683017
48.86098807475436701
50.98980333658979447
53.27887855327377764
55.74561067350760624
58.40990213276922560
61.29461642315256853
64.07098904596222155
67.06453226392835631
70.29977773678780295
73.80493837341185781
77.61260674400956816
81.76061567256824958
86.29310607094500085
91.26186181055068403
96.72799176200024363
102.76406751756297808
109.45686542092639115
115.85279479707695316
122.89828195756753360
130.68955384206694248
139.34197344496774917
148.99490550937875355
159.81811507438121112
172.02028438365877605
185.86050070126964329
201.66397843506464937
219.84392437929025732
240.93249229522481869
261.10678041949739736
284.26491910153038134
311.06342860122845195
342.35697040194838792
379.27667350222958476
423.34787704808445596
476.67208999739659703
542.21726661312777651
624.29826136040117035
729.40726623022146669
867.72530789712516253
1001.07069380486439059
1172.45197496495961786
1399.00268668039484510
1709.23506810968001446
2153.86226639068536315
2831.30313030254274054
3956.84086237372184769
6091.92443370086766663
11191.53965884701028699
-nan(ind)
