3.04858735157374250
3.05996907386175110
3.07143610061580707
3.08298939446140219
3.09462993256248842
3.10635870689698201
3.11817672453856165
3.13008500794491917
3.14208459525264550
3.15417654057891861
3.16636191433019309
3.17864180351806436
3.19291180913654271
3.20731051837985248
3.22183968033570878
3.23650107592962177
3.25129651865261637
3.26622785530900650
3.28129696678486793
3.29650576883788293
3.31185621290925214
3.32735028695839752
3.34299001632120518
3.36074211114331778
3.37868374841503138
3.39681798010002556
3.41514792403813061
3.43367676573237857
3.45240776019454509
3.47134423385142865
3.49048958651421160
3.50984729341335111
3.52942090730155833
3.54921406062754219
3.57122158258277977
3.59350373037424209
3.61606567674740687
3.63891272517763964
3.66205031402634873
3.68548402085670634
3.70921956691614074
3.73326282179316138
3.75761980825647957
3.78229670728480505
3.80729986329613856
3.83459059192423757
3.86227538513922930
3.89036284015668432
3.91886180610878032
3.94778139333950984
3.97713098311451230
4.00692023776727435
4.03715911130474847
4.06785786049685338
4.09902705647578891
4.13067759687274361
4.16464504197934726
4.19917576214536492
4.23428388552217871
4.26998401673074124
4.30629125711844019
4.34322122605827410
4.38079008335345765
4.41901455281496602
4.45791194708430805
4.49750019377890542
4.53779786304306931
4.58037201375764980
4.62375260189339521
4.66796275978163244
4.71302651301674125
4.75896882399354393
4.80581563801615275
4.85359393215724122
4.90233176706106466
4.95205834189925209
5.00280405270551665
5.05460055433418187
5.10851904193543582
5.16360025224787655
5.21988220543302006
5.27740459756042224
5.33620889397800191
5.39633842899506178
5.45783851238161422
5.52075654323405907
5.58514213180858921
5.65104722998044551
5.71852627105004974
5.78778193071096680
5.85873563131380592
5.93145059792870555
6.00599323391300910
6.08243332316637364
6.16084424802994768
6.24130322425978523
6.32389155465603547
6.40869490309913203
6.49580359093460835
6.58531291786224759
6.67592631866270825
6.76906817774920722
6.86484582294335244
6.96337274370827775
7.06476903975857162
7.16916190944363230
7.27668618208014184
7.38748489891802151
7.50170994800364177
7.61952275886541042
7.74109506370315437
7.86252120307868196
7.98781740753710867
8.11717169195430266
8.25078445048658438
8.38886949246825964
8.53165518410030721
8.67938570875303661
8.83232246051315784
8.99074558770504595
9.15495570556048577
9.32527580006490986
9.49313914061237440
9.66715664342441450
9.84767306157673872
10.03505938866389080
10.22971540381399613
10.43207251876578212
10.64259696967824631
10.86179340337409904
11.09020891607955228
11.32843761270096294
11.57712576662808779
11.81899644303685371
12.07118914989677627
12.33437904540863528
12.60930148249798854
12.89675887018586309
13.19762849537658767
13.51287146564866504
13.84354296507200921
14.19080405360961628
14.55593528812009474
14.94035250171594065
15.30933504978774984
15.69700467000372868
16.10481785062156135
16.53438647728781064
16.98749912579123134
17.46614595453680252
17.97254792731611772
18.50919127146408982
19.07886829934720652
19.68472600767588432
20.33032424026103513
20.94209798810251755
21.59183265185329859
22.28317460663584626
23.02025268363389543
23.80776069264712902
24.65105748287799869
25.55628905020060770
26.53053857405936000
27.58201213245941830
28.72027040162771172
29.95652019605585537
31.11449768970472007
32.36559877572795330
33.72152745040233413
35.19603478552765097
36.80538694498503105
38.56896775524340626
40.51006323254568287
42.65689556638236013
45.04400427744990765
47.71411860853366704
50.72073782741898640
53.51574068032918774
56.63674963213098579
60.14433458277724753
64.11506071999247069
68.64714178857349225
73.86867339931798426
79.94993319511459617
87.12230175987156144
95.70837167861023431
106.17180685721000089
119.20392189485909284
131.12431408434500213
145.69368231593890073
163.90539260543127398
187.32044869192145597
218.54052347390839373
262.24862816869006110
327.81078521086260480
437.08104694781678745
655.62157042172520960
1311.24314084345041920
