3.97698535404797981
3.98196150746996347
3.98695403271127802
3.99196301554146693
3.99698854234484502
4.00203070012609263
4.00708957651589870
4.01216525977668592
4.01725783880837284
4.02236740315423269
4.02749404300678382
4.03263784921377333
4.03933038323565263
4.04605210888615829
4.05280322897878076
4.05958394825585689
4.06639447341184379
4.07323501311695413
4.08010577804110941
4.08700698087828407
4.09393883637116929
4.10090156133625605
4.10789537468920773
4.11648046424467662
4.12511267285537375
4.13379241255076479
4.14252010029471762
4.15129615806056318
4.16012101290749747
4.16899509705848370
4.17791884797950352
4.18689270846036976
4.19591712669698680
4.20499255637519820
4.21569339789692421
4.22646567342975477
4.23731014286672547
4.24822757717697996
4.25921875861092669
4.27028448091003199
4.28142554952133558
4.29264278181682357
4.30393700731780537
4.31530906792442615
4.32675981815041411
4.33986032136325495
4.35306471955352947
4.36637432586898200
4.37979047621012452
4.39331452973154146
4.40694786935665572
4.42069190230628628
4.43454806064154017
4.44851780182142154
4.46260260927564456
4.47680399299316445
4.49266709114023577
4.50867713780058121
4.52483630257755909
4.54114679901010465
4.55761088570483786
4.57423086750373109
4.59100909668850399
4.60794797422319569
4.62504995103631877
4.64231752934407815
4.65975326401621182
4.67884600558405861
4.69814279175195804
4.71764709805452664
4.73736248126596493
4.75729258181818793
4.77744112630654882
4.79781193008690998
4.81840889996799326
4.83923603700312555
4.86029743938570569
4.88159730545298753
4.90452600597905786
4.92773483024720349
4.95122923260432657
4.97501481322183903
4.99909732306411669
5.02348266906326391
5.04817691951006697
5.07318630967208506
5.09851724764996472
5.12417632048400673
5.15017030052366742
5.17773087351002470
5.20567383596988442
5.23400764296465049
5.26274100641380649
5.29188290504790171
5.32144259483182935
5.35142961988460186
5.38185382392363643
5.41272536226335443
5.44405471439987920
5.47585269721560497
5.50910440051875128
5.54287767276067012
5.57718555078316136
5.61204151945791274
5.64745953134513812
5.68345402740501360
5.72003995882881888
5.75723281006145449
5.79504862309230351
5.83350402309717886
5.87261624552047046
5.91299253046086903
5.95408285218598898
5.99590733227712924
6.03848687257645445
6.08184319386070538
6.12599887685771893
6.17097740577383735
6.21680321451463858
6.26350173579651948
6.31109945336365197
6.35962395754329002
6.40910400439254424
6.45956957871219384
6.51105196122761232
6.56358380026381827
6.61719918827157549
6.67193374359437374
6.72782469790248250
6.78491098976051266
6.84323336483958222
6.90283448333477079
6.96375903520316708
7.02514233879357519
7.08790355070554678
7.15209197159834620
7.21775933490455479
7.28495996071415597
7.35375092159152999
7.42419222142604962
7.49634698853506887
7.57028168437080229
7.64606632933179320
7.72377474734773539
7.80113866821007473
7.88046477125842504
7.96183241859559043
8.04532540625164572
8.13103228232339248
8.21904669315213710
8.30946776048520519
8.40240049292682123
8.49795623539580802
8.59625316077752544
8.69741680849601195
8.79691693699407651
8.89928209702336659
9.00464396345177498
9.11314258751530915
9.22492708269881589
9.34015637976176727
9.45900005923630083
9.58163927089759682
9.70826775106786499
9.83909295020282393
9.97433728506244499
10.10569404367585555
10.24137806956478158
10.38161724709148004
10.52665611514070143
10.67675743823646428
10.83220396065320301
10.99330036905687003
11.16037549338934376
11.33378478067498385
11.51391308235196043
11.70117780282193287
11.88065605636973032
12.06697975006120416
12.26056730147714546
12.46187274267259859
12.67138964698851922
12.88965559234837244
13.11725724917269709
13.35483619808280054
13.60309560341643120
13.86280789422040272
14.13482363607695191
14.39183154192369507
14.66039999147689699
14.94136556421467965
15.23564953115614706
15.54426901292264063
15.86834996799977660
16.20914237395136936
16.56803804938255809
16.94659167271118250
17.34654569256910506
17.76986000381608122
18.16370665914032401
18.57907690696006853
19.01787442437326447
19.48223995896719174
19.97459000389787320
20.49766338203334470
21.05457770785815441
21.64889828002032601
22.28472274509561402
22.96678594662364148
23.70059085327277870
24.37249420092184948
25.09138885405421604
25.86264534298157969
26.69250718259651478
27.58827875203145652
28.55856444416657780
29.61357632762021552
30.76553457120060386
32.02919528145292816
33.42255613628838518
34.96781449705293454
36.36517541882937365
37.90158260899286091
39.60006757902230845
41.48919683034216632
43.60487217138859961
45.99289204993046098
48.71268154553473551
51.84287102329756891
55.48990067367346057
59.80177873452937121
64.99103940466510210
69.78931058807056331
75.50886649016197794
82.46188921969334729
91.12513630212548321
102.26787829326177359
117.22389711681070423
138.54461564118707884
171.86391605865026122
232.88641627206635576
391.56843581702270285
