3.04858735157374383
3.05147246004312800
3.05436577523519048
3.05726733613071122
3.06017718197017974
3.06309535225602181
3.06602188675485277
3.06895682549975302
3.07190020879256886
3.07485207720623555
3.07781247158712778
3.08078143305743257
3.08464229280915481
3.08851770441798390
3.09240775952586766
3.09631255058477084
3.10023217086590153
3.10416671446907300
3.10811627633218635
3.11208095224085612
3.11606083883816654
3.12005603363456530
3.12406663501789605
3.12898642885901568
3.13392953928669593
3.13889615106024333
3.14388645099511521
3.14890062799242898
3.15393887306900123
3.15900137938790859
3.16408834228959313
3.16919995932352361
3.17433643028041246
3.17949795722501927
3.18557880403263427
3.19169467401196361
3.19784590465749474
3.20403283803442473
3.21025582085855188
3.21651520457788997
3.22281134545603631
3.22914460465733777
3.23551534833391230
3.24192394771456138
3.24837077919562756
3.25573893326198904
3.26315745456231854
3.27062691955813856
3.27814791399023875
3.28572103307160956
3.29334688168530176
3.30102607458735431
3.30875923661495897
3.31654700290001259
3.32439001908822007
3.33228894156392963
3.34110147213163655
3.34998429108087814
3.35893833776969064
3.36796456922605447
3.37706396057755276
3.38623750549387248
3.39548621664259409
3.40481112615875547
3.41421328612867603
3.42369376908856049
3.43325366853841718
3.44370728995686992
3.45425698459713493
3.46490423312303264
3.47565054834423526
3.48649747611916361
3.49744659628908483
3.50849952364467610
3.51965790892640529
3.53092343986013413
3.54229784222941468
3.55378288098603523
3.56612591889636255
3.57859846662509584
3.59120280494254018
3.60394127125068486
3.61681626140405754
3.62983023160264739
3.64298570036029234
3.65628525055211728
3.66973153154479226
3.68332726141361588
3.69707522925062193
3.71162421842341139
3.72634633323998576
3.74124503467870761
3.75632388136346762
3.77158653313448866
3.78703675478004520
3.80267841993772437
3.81851551517441701
3.83455214425478808
3.85079253260861654
3.86724103200803615
3.88440428832544216
3.90179810941308913
3.91942770413944386
3.93729844762456382
3.95541588812523592
3.97378575427186354
3.99241396267852577
4.01130662594918697
4.03047006110463713
4.04991079845655655
4.06963559095702276
4.08994754881950673
4.11056671158464670
4.13150090194558128
4.15275822434332209
4.17434707814943007
4.19627617161049482
4.21855453660698032
4.24119154428325906
4.26419692161026287
4.28758076894724560
4.31135357867466240
4.33552625497625144
4.36011013485503085
4.38511701047520042
4.41055915292998701
4.43644933754421533
4.46280087083014809
4.48962761922577869
4.51694403975656122
4.54476521277461387
4.57310687694380746
4.60198546665511632
4.63098817016866970
4.66054622109422390
4.69067757182847433
4.72140099788888179
4.75273614708129699
4.78470359230549303
4.81732488832105510
4.85062263282950301
4.88462053226596371
4.91934347273561201
4.95481759657721632
4.99000526743918105
5.02595342403851397
5.06268986012569577
5.10024381266624172
5.13864605964433263
5.17792902609120187
5.21812689916840000
5.25927575323424445
5.30141368593335294
5.34458096647615655
5.38882019742019303
5.43214993402011448
5.47654196601276855
5.52204042149589824
5.56869203829518966
5.61654636581303190
5.66565598629250200
5.71607675774288637
5.76786808107845506
5.82109319437535166
5.87581949756122857
5.93211891132863389
5.98653694326257391
6.04248059160956075
6.10002249990945611
6.15924024838250794
6.22021679381518666
6.28304095832120524
6.34780797352798043
6.41462008777304060
6.48358724511826168
6.55482784644164340
6.62846960459558421
6.69865517818603529
6.77111851197185999
6.84598553476286842
6.92339214298896088
7.00348523857829708
7.08642390205167150
7.17238072215784861
7.26154330735165310
7.35411600925582043
7.45032189416316992
7.55040500590247987
7.64434349867667162
7.74187777259616539
7.84324324072224233
7.94869747427724338
8.05852295836047716
8.17303027845987451
8.29256181968084505
8.41749607913128095
8.54825271531056785
8.68529848814130467
8.82915428146414705
8.96192816482836463
9.10087804782836329
9.24649807033055815
9.39933955517097530
9.56001980751668867
9.72923262786609300
9.90776094758973436
10.09649211279214320
10.29643649851922049
10.50875034637573435
10.73476400685781762
10.93961277940401722
11.15665491797997078
11.38715015595097491
11.63254830122384220
11.89452777417193552
12.17504414705869031
12.47639190475708659
12.80128390505136515
13.15295486349780596
13.53529794789834639
13.95304777710138389
14.32545149028536002
14.72935892008097092
15.16947803529333072
15.65156459722842364
16.18274240103901818
16.77195188934963710
17.43059275150762844
18.17346813235915803
19.02021342695870132
19.99753396724312537
21.14285523068701522
22.17481364152510892
23.37430593233062837
24.79219534541990200
26.50397167100940266
28.62756131295993356
31.35992219494073652
35.06145889849594965
40.48548546645526613
49.58439069083981110
70.12291779699189931
