7.83797605729307634
7.87518999778443263
7.91272021505277223
7.95057049147990380
7.98874466750917911
8.02724664273508992
8.06608037701706060
8.10524989161817722
8.14475927036932745
8.18461266085951067
8.22481427565305623
8.26536839353432029
8.31276458366150806
8.36064592414897767
8.40901940081264598
8.45789212868014140
8.50727135491569442
8.55716446182356272
8.60757896993242255
8.65852254116325248
8.71000298208348234
8.76202824724981610
8.81460644264283566
8.87469507944838121
8.93551245684625961
8.99707100369099244
9.05938342137330110
9.12246269114299579
9.18632208166526354
9.25097515681956750
9.31643578374960413
9.38271814117423553
9.44983672796878338
9.51780637202716662
9.59399151843474662
9.67125731844277148
9.74962532362765444
9.82911763877431532
9.90975693930064594
9.99156648933455571
10.07457016047201748
10.15879245124558850
10.24425850733524967
10.33099414255384829
10.41902586064199632
10.51601898336187801
10.61460505879913896
10.71482086683042212
10.81670428185540445
10.92029431282456642
11.02563114500941488
11.13275618360345298
11.24171209924712755
11.35254287557556729
11.46529385889333064
11.58001181008714120
11.70447260121871125
11.83128187864443959
11.96050195518051318
12.09219727806208589
12.22643451893376643
12.36328266836166634
12.50281313513134762
12.64509985061368980
12.79021937849964985
12.93825103022507683
13.08927698642929371
13.25083922435967487
13.41588460238325986
13.58451877651240380
13.75685154794360798
13.93299706355310619
14.11307402796225219
14.29720592794975964
14.48552127004803403
14.67815383222581538
14.87524293062951664
15.07693370243287845
15.28990774170607914
15.50810954743589143
15.73171986493883523
15.96092753864844482
16.19592996023625631
16.43693354634503123
16.68415424821556670
16.93781809568885777
17.19816177828753112
17.46543326632270521
17.73989247524189494
18.02620957927845780
18.32051786785923753
18.62313199585741685
18.93438271014808194
19.25461786732089209
19.58420352835633693
19.92352513705865391
20.27298878972715102
20.63302260431362001
21.00407819816863153
21.38663228443526876
21.78118839821758357
22.18827876484872519
22.60846632392755851
23.04234692430112474
23.49055170686890648
23.95374969399803788
24.43265060649698484
24.92800793153578809
25.44062226766197554
25.97134497619453697
26.52108217183262084
27.08201171704042309
27.66330244513599013
28.26600189043527322
28.89122789237321953
29.54017445021070998
30.21411816275150386
30.91442532156604983
31.64255973545278522
32.40009137451490773
33.18870593453421236
34.01021543657428481
34.84008534617542807
35.70463326327661946
36.60591900412307353
37.54616238289101204
38.52775866773961866
39.55329583285087125
40.62557385163613333
41.74762631492303910
42.92274470350704973
44.15450569835539341
45.44680197570637858
46.74039682463624246
48.09700218619164502
49.52099551432407765
51.01715313492340442
52.59069558339336936
54.24733916075787477
55.99335471365070305
57.83563483180235210
59.78177088518652482
61.84014160157266105
64.02001522624519225
66.18537487872062286
68.47618715196911410
70.90286173277928583
73.47694572958869230
76.21127934449870622
79.12017736664783740
82.21964155811083685
85.52761016255034576
89.06425223015330062
92.85231631071556535
96.91754544140266603
100.93569819959498091
105.24013777270000958
109.86024603954689383
114.82939874924466039
120.18564967963939694
125.97255774807634054
132.24019268206498623
139.04636525422461091
146.45814199598422078
154.55372308843513451
163.42478774613533687
172.20275942746681608
181.79675310738062421
192.31704593147719606
203.89384364185298182
216.68186605447388615
230.86623380744865131
246.67010188045009045
264.36466649273404528
284.28243950507953741
306.83508635189116376
332.53773858009856212
358.43015454178674872
387.86802421760285142
421.57025009450399011
460.45464599540798645
505.70959770232178698
558.89836627063448304
622.11447960884231634
698.21942986634917361
791.21742315511130528
906.86719770724710088
1053.72252014404398324
1215.65471399922398632
1423.77677490273003968
1698.89523797886681677
2075.63464772742736386
2615.57976704742577567
3438.24794817920610512
4805.07363403619274322
7397.86613619363379257
