0.01931724285719783
0.03875733092867355
0.05832056125311462
0.07800722656450518
0.09781761526885351
0.11775201142185709
0.13781069470751103
0.15799394041766238
0.17830201943251830
0.19873519820211061
0.21929373872871954
0.25031447662245959
0.28161774952713353
0.31320438080351209
0.34507517107965668
0.37723089816415989
0.40967231697037015
0.44240015945159855
0.47541513454728268
0.50871792814009453
0.54230920302394026
0.57618959888281562
0.62036697017339948
0.66502871033226718
0.71017602558522763
0.75581005802362411
0.80193188574613805
0.84854252304797584
0.89564292065665874
0.94323396601355258
0.99131648360021840
1.03989123530859384
1.08895892085395474
1.14727359826118813
1.20627132286583238
1.26595290734775645
1.32631904996587657
1.38737033596118553
1.44910723905140126
1.51153012301286771
1.57463924334531069
1.63843474901495045
1.70291668427138143
1.76808499053361268
1.84021475810118207
1.91316658683839491
1.98693999303879121
2.06153435757626147
2.13694892931968905
2.21318282861614746
2.29023505083404721
2.36810446995775559
2.44678984222540397
2.52628980980173434
2.60660290447808762
2.69014529374104727
2.77454624062250810
2.85980380066439510
2.94591592237043765
3.03288045151621999
3.12069513544054189
3.20935762731065433
3.29886549035440879
3.38921620205270546
3.48040715828602609
3.57243567742928292
3.66261321871520229
3.75357559464869883
3.84532016011756728
3.93784421488088032
4.03114500682554588
4.12521973515743579
4.22006555352460833
4.31567957307032835
4.41205886541395120
4.50920046555789344
4.60710137471926551
4.69719007863789617
4.78790748694585666
4.87925125154878003
4.97121900787905524
5.06380837645933291
5.15701696442003765
5.25084236697078488
5.34528216882589469
5.44033394558408467
5.53599526506264361
5.63226368858633375
5.71462921099622090
5.79743074893526611
5.88066679419328597
5.96433583745713580
6.04843636879412472
6.13296687811932806
6.21792585564703337
6.30331179232658645
6.38912318026275461
6.47535851312097055
6.56201628651763613
6.62941618908156993
6.69706785112683356
6.76497057715957428
6.83312367284434785
6.90152644509524205
6.97017820216416961
7.03907825372621776
7.10822591096225320
7.17762048663870544
7.24726129518465090
7.31714765276622359
7.36395373426734423
7.41086881119367380
7.45789268128301330
7.50502514266430865
7.55226599386612740
7.59961503382485759
7.64707206189284072
7.69463687784612116
7.74230928189211909
7.79008907467703793
7.83797605729309854
