0.02172797934849921
0.04345595869699841
0.06518393804549762
0.08691191739399683
0.10863989674249604
0.13036787609099523
0.15209585543949444
0.17382383478799365
0.19555181413649286
0.21727979348499207
0.23900777283349128
0.27154472895260384
0.30408168507171640
0.33661864119082896
0.36915559730994152
0.40169255342905408
0.43422950954816664
0.46676646566727920
0.49930342178639175
0.53184037790550431
0.56437733402461687
0.59691429014372943
0.63892822019034679
0.68094215023696414
0.72295608028358149
0.76497001033019885
0.80698394037681620
0.84899787042343355
0.89101180047005091
0.93302573051666826
0.97503966056328562
1.01705359060990297
1.05906752065652032
1.10845865372166164
1.15784978678680295
1.20724091985194426
1.25663205291708557
1.30602318598222689
1.35541431904736820
1.40480545211250951
1.45419658517765082
1.50358771824279214
1.55297885130793345
1.60236998437307476
1.65644089243311421
1.71051180049315366
1.76458270855319310
1.81865361661323255
1.87272452467327200
1.92679543273331144
1.98086634079335089
2.03493724885339011
2.08900815691342956
2.14307906497346901
2.19714997303350845
2.25282410052642668
2.30849822801934490
2.36417235551226312
2.41984648300518135
2.47552061049809957
2.53119473799101780
2.58686886548393602
2.64254299297685424
2.69821712046977247
2.75389124796269069
2.80956537545560892
2.86363628351564836
2.91770719157568781
2.97177809963572725
3.02584900769576670
3.07991991575580615
3.13399082381584559
3.18806173187588504
3.24213263993592449
3.29620354799596393
3.35027445605600338
3.40434536411604283
3.45373649718118436
3.50312763024632590
3.55251876331146743
3.60190989637660897
3.65130102944175050
3.70069216250689204
3.75008329557203357
3.79947442863717511
3.84886556170231664
3.89825669476745817
3.94764782783259971
3.98966175787921706
4.03167568792583442
4.07368961797245177
4.11570354801906912
4.15771747806568648
4.19973140811230383
4.24174533815892119
4.28375926820553854
4.32577319825215589
4.36778712829877325
4.40980105834539060
4.44233801446450283
4.47487497058361505
4.50741192670272728
4.53994888282183950
4.57248583894095173
4.60502279506006396
4.63755975117917618
4.67009670729828841
4.70263366341740063
4.73517061953651286
4.76770757565562509
4.78943555500412455
4.81116353435262400
4.83289151370112346
4.85461949304962292
4.87634747239812238
4.89807545174662184
4.91980343109512130
4.94153141044362076
4.96325938979212022
4.98498736914061968
5.00671534848911914
