3.04858735157373495
3.05503362072799733
3.06150720905312212
3.06800829058511049
3.07453704084136392
3.08109363683648141
3.08767825709825638
3.09429108168388156
3.10093229219636068
3.10760207180113435
3.11430060524291807
3.12102807886275979
3.12995374360837886
3.13893060685620018
3.14795911039285370
3.15703970110247356
3.16617283104043112
3.17535895750835451
3.18459854313045287
3.19389205593118319
3.20323996941427458
3.21264276264314930
3.22210092032276352
3.23384451019471397
3.24567401692194535
3.25759038682595214
3.26959458017697546
3.28168757145196066
3.29387034959825487
3.30614391830320864
3.31850929626981994
3.33096751749858999
3.34351963157575316
3.35616670396804739
3.37117983620245631
3.38632788838870136
3.40161268748308343
3.41703609357664506
3.43260000064977921
3.44830633734755798
3.46415706777644195
3.48015419232306655
3.49629974849581826
3.51259581178994784
3.52904449657698915
3.54793095689297955
3.56702065500030763
3.58631688921799308
3.60582302962388335
3.62554252001682364
3.64547887994356445
3.66563570679291484
3.68601667795975452
3.70662555308164254
3.72746617635087718
3.74854247890499792
3.77211413458004152
3.79598411363941768
3.82015811553010076
3.84464198581293326
3.86944172087514060
3.89456347282641424
3.92001355458696654
3.94579844517639167
3.97192479521264108
3.99839943263092046
4.02522936863283309
4.05458829823045708
4.08437864659416494
4.11460999342124190
4.14529220414812372
4.17643544068406936
4.20805017263234493
4.24014718902494181
4.27273761059846890
4.30583290264055751
4.33944488843794574
4.37358576335939020
4.41024806430580885
4.44753021677708471
4.48544807458927419
4.52401803686055182
4.56325707165958150
4.60318274089533741
4.64381322652507578
4.68516735816263896
4.72726464217515652
4.77012529236260896
4.81377026232164162
4.85985794801770332
4.90683666399469587
4.95473250240441221
5.00357258418704198
5.05338511028113135
5.10419941592319137
5.15604602825663871
5.20895672748779681
5.26296461184638265
5.31810416662950747
5.37441133763182854
5.43295922829404176
5.49279678921779979
5.55396710749155265
5.61651521117000119
5.68048817981360887
5.74593526266952548
5.81290800511737960
5.88146038406222171
5.95164895302203689
6.02353299772945849
6.09717470314749477
6.17263933288815991
6.24999542212204950
6.32931498517737090
6.41067373915018024
6.49415134498528346
6.57983166764127603
6.66780305712580201
6.75815865238070579
6.85099671021435253
6.94642096172317647
7.04454099892053431
7.14368141676007884
7.24565214577740413
7.35057614283921890
7.45858359159675732
7.56981244134608566
7.68440899483403772
7.80252855027628733
7.92433610351181184
8.05000711696960991
8.17972836298417150
8.31369884998365016
8.44718160847211941
8.58502064474454940
8.72743275036763677
8.87464934449306675
9.02691772873455989
9.18450247348476445
9.34768695201942279
9.51677504110179306
9.69209300955823139
9.87399161951945104
10.06284846880062034
10.24836313996358861
10.44084643118573297
10.64069850921858063
10.84835077768542710
11.06426898566876993
11.28895671506371912
11.52295930165602300
11.76686825418988569
12.02132624680863238
12.28703277358077095
12.56475056986496774
12.83355958506124317
13.11412179318374172
13.40722525344912341
13.71373008889216472
14.03457691640166338
14.37079648848211555
14.72352075492970869
15.09399559451894035
15.48359551843915405
15.89384071117815189
16.32641685417423716
16.73863703492696686
17.17221242209154397
17.62884661399001374
18.11042936373545231
18.61906272011860253
19.15709170080254253
19.72714044188595750
20.33215499952395078
20.97545427688083208
21.66079093478309403
22.39242464659945853
23.07814637264173996
23.80719243838566257
24.58380267080099557
25.41278877871076958
26.29963413931466221
27.25061523408518127
28.27295041942782561
29.37498349035406520
30.56641191542590619
31.85857296197017519
33.26480559843726326
34.56051558171486704
35.96125602196723747
37.48033705847444708
39.13341701905947900
40.93904415056643131
42.91935557749272334
45.10098943322764597
47.51629007636893931
50.20492247833210797
53.21606756857313769
56.61145800878568934
59.69947609454288084
63.14381865091245061
67.00993589341152301
71.38035280265266636
76.36062573474760029
82.08797965007356368
88.74414748061109037
96.57500723805812015
105.92162210239465026
117.27123638114099435
131.34499170839984572
144.47949087923981892
160.53276764359981144
180.59936359904978076
206.39927268462832899
240.79915146539971715
288.95898175847963785
361.19872719809956152
481.59830293079943431
