21.34447149235521834
21.44111347810728319
21.53850190164532208
21.63664483530703464
21.73555046394718460
21.83522708686074054
21.93568311974507878
22.03692709670207250
22.13896767228098383
22.24181362356312519
22.34547385228935923
22.44995738703131849
22.61307130640661356
22.77820793172491420
22.94540245422802727
23.11469085587048156
23.28610993114710936
23.45969730963626887
23.63549147928602423
23.81353181047149548
23.99385858085315704
24.17651300106699708
24.36153724127870746
24.62728961659423277
24.89799213651507159
25.17377452418410400
25.45477090483942817
25.74111998980347238
26.03296526962897062
26.33045521693230739
26.63374349947854114
26.94298920412092713
27.25835707223803439
27.58001774735453182
28.02923479904862347
28.49095786345795744
28.96567877408757141
29.45391450999413507
29.95620878519527253
30.47313375817981296
31.00529187211339277
31.55331783740501450
32.11788076949480342
32.69968649605579003
33.29948004929148198
34.18543201868652659
35.11182436406685525
36.08128498961599462
37.09666547441855045
38.16106478916638878
39.27785604304445144
40.45071671645825973
41.68366291450813321
42.98108827108342211
44.34780824766389173
45.78911070877884981
52.78591696439730185
61.78072274013388210
73.67366124792945925
89.96268972447848000
113.31218684213125414
148.89297945289254699
208.01596984125359313
320.17978952575504081
588.10059526741395075
1663.21772503500369567
