10.00004539889923016
10.03071403202316603
10.06157135599103292
10.09261911757620744
10.12385908517941857
10.15529304916449860
10.18692282220041534
10.21875023960972051
10.25077715972354397
10.28300546424328665
10.31543705860915772
10.34807387237571064
10.39892036644492279
10.45026900849322615
10.50212727407648750
10.55450278787695950
10.60740332744049219
10.66083682702668511
10.71481138157600377
10.76933525079802578
10.82441686338512810
10.88006482135617325
10.93628790453485422
11.01678620474868175
11.09847833361496150
11.18139104711862863
11.26555190679973428
11.35098931029990865
11.43773252330940160
11.52581171299025442
11.61525798295572720
11.70610340989123266
11.79838108190734225
11.89212513872117327
12.02242172034288359
12.15560513186521518
12.29177238821325879
12.43102490060961074
12.57346872845442221
12.71921484872354924
12.86837944432290293
13.02108421297364060
13.17745669835407440
13.33763064539207654
13.50174638178809694
13.74233696882197364
13.99165738777475454
14.25019156127634901
14.51845985247648407
14.79702256092856771
15.08648382879513683
15.38749601468333061
15.70076460175256550
16.02705371781615185
16.36719235835433395
16.72208141912711099
18.39428956103982316
20.43809951226646859
22.99286195129977983
26.27755651577117391
30.65714926839970289
36.78857912207964631
45.98572390259955966
61.31429853679940578
91.97144780519911933
183.94289561039823866
