3.97698535404798070
3.98547859521971004
3.99401959502475101
4.00260878166578404
4.01124658860540251
4.01993345464817153
4.02866982402427620
4.03745614647473783
4.04629287733823162
4.05518047763963985
4.06411941418020906
4.07311015962952450
4.08597947347651669
4.09895582077766107
4.11204062240194990
4.12523532509500424
4.13854140207866195
4.15196035366735394
4.16549370790199447
4.17914302120186321
4.19290987903512757
4.20679589660863940
4.22080271957761965
4.23882457840720583
4.25704876977583346
4.27547892279592379
4.29411875600494231
4.31297208017315281
4.33204280121868734
4.35133492323485349
4.37085255163464925
4.39059989641798332
4.41058127556716784
4.43080111857666026
4.45510989045444639
4.47976864782895223
4.50478544738416176
4.53016860096841345
4.55592668590943273
4.58206855583798589
4.60860335204985816
4.63554051543786017
4.66288979902765632
4.69066128115359415
4.71886537931325645
4.75113753356843382
4.78398718830204306
4.81743087885706700
4.85148579297951521
4.88616980373634036
4.92150150446369228
4.95750024589385241
4.99418617562190903
5.03158028008720937
5.06970442925943843
5.10858142423626660
5.15134334010058037
5.19503813192300079
5.23969838622247241
5.28535826084076543
5.33205358205060609
5.37982194901695898
5.42870284627340638
5.47873776494481568
5.52997033352500189
5.58244645910528181
5.63621448004741232
5.69338584385387314
5.75206095395576522
5.81230319314988186
5.87417963993640679
5.93776134541036704
6.00312363564352669
6.07034644235432008
6.13951466502212018
6.21071856801254096
6.28405421675319786
6.35962395754328735
6.43753694620882655
6.51790973154269970
6.60086690031283041
6.68654179160359696
6.77507728940138421
6.86662670367499750
6.96135475177373486
7.05943865381536284
7.16106935791951749
7.26645291372641555
7.37581201571164513
7.48526965914917941
7.59888309966853992
7.71690591365504197
7.83961321363698804
7.96730401570813118
8.10030392922172027
8.23896822148614127
8.38368532034313496
8.53488082992182484
8.69302215011327917
8.85862380914299941
9.01947652421764623
9.18774307165103465
9.36397427242908265
9.54877818955714908
9.74282786988690219
9.94687039001184203
10.16173747183717069
10.38835799747039879
10.62777283511451998
10.88115249349424296
11.14981825997692511
11.40257536617197154
11.66976743116943993
11.95273042566510568
12.25297451696126672
12.57221385761773824
12.91240276973816492
13.27577999932500141
13.66492323878172321
14.08281683195417244
14.53293656754599006
15.01935685647735852
15.46098017993546314
15.93515699205072877
16.44581384256469292
16.99755209821596580
17.59580186578931915
18.24702055883667029
18.95895211619817289
19.74096984095020701
20.60453640918337115
21.56383102997133250
22.63661987005124487
23.57269007922637982
24.60614129185576360
25.75386966489593021
27.03703680229598660
28.48253216768914342
30.12508970243585438
32.01043122475105918
34.20007529314062111
36.77895274218334265
39.86796959770819626
43.64577218382482471
46.85981190332138624
50.69119713129255445
55.34913912065952957
61.15314576833650051
68.61876637384854405
78.63988874746065960
92.92648011997290780
115.25443941429864481
156.14938027114632746
262.49857699335711914
