3.04858735157374428
3.05351084973379239
3.05845827969640149
3.06342983596873131
3.06842571527837960
3.07344611660607336
3.07849124121896267
3.08356129270450552
3.08865647700497581
3.09377700245259835
3.09892307980532955
3.10409492228328920
3.11149081004678019
3.11893981581662549
3.12644257848389140
3.13399974774986889
3.14161198436239353
3.14927996035850200
3.15700435931364076
3.16478587659763155
3.17262521963760857
3.18052310818815753
3.18848027460888961
3.19870447882871423
3.20902767308822945
3.21945146512546909
3.22997749947429380
3.24060745855425747
3.25134306380020055
3.26218607683327999
3.27313830067524325
3.28420158100785287
3.29537780747945552
3.30666891506079486
3.32021886642179709
3.33393676823928375
3.34782611898403459
3.36189052000858846
3.37613367947016130
3.39055941643794245
3.40517166519510939
3.41997447974656454
3.43497203854411470
3.45016864944160995
3.46556875489338090
3.48314935727794417
3.50100025897415135
3.51912845810009234
3.53754120908569059
3.55624603487021673
3.57525073981683317
3.59456342339454071
3.61419249468199144
3.63414668775216976
3.65443507800186618
3.67506709949528387
3.69769504285759032
3.72074617115185813
3.74423384158727846
3.76817200916532791
3.79257526152324909
3.81745885629235415
3.84283876118851708
3.86873169707419029
3.89515518425579454
3.92212759230774566
3.94966819374505995
3.97884699013484511
4.00868217987706910
4.03919874780081756
4.07042303075844991
4.10238281317060238
4.13510743095538658
4.16862788472535417
4.20297696324507974
4.23818937826691933
4.27430191200541110
4.31135357867466062
4.34938580170155031
4.38844260844486822
4.42857084450151017
4.46982040997167829
4.51224452039275992
4.55589999544480495
4.60084757898978314
4.64715229454463508
4.69488384091985989
4.74411703349978087
4.79493229752055683
4.84551833775058238
4.89773995172913779
4.95168721993634886
5.00745732521870668
5.06515528937729620
5.12489480532852237
5.18679917984698324
5.25100240468745039
5.31765037727185774
5.38690229626639550
5.45893226245431951
5.52843002323689880
5.60065154353695416
5.67577951833437577
5.75401427200602811
5.83557600763474937
5.92070741732720585
6.00967672407733655
6.10278124210795525
6.20035156347651739
6.30275650544132571
6.41040898755306010
6.51084134648154222
6.61614705743502096
6.72673343708147087
6.84305711423459950
6.96563198103410386
7.09503876941820000
7.23193666069775709
7.37707745885780586
7.53132302470482440
7.69566689626580303
7.87126133773449776
8.02895976101848774
8.19653287070495118
8.37505619362056564
8.56577674318025650
8.77014985551533677
8.98988618236059267
9.22701232546955019
9.48395005395203761
9.76362123343401045
10.06958894998400034
10.40625057427985034
10.69554518113429431
11.01039117114215848
11.35478581791850416
11.73366047872677242
12.15318137767136797
12.62117792204545097
13.14776781612630074
13.74629561562261237
14.43478917734198319
15.23830959164727084
16.19292416940475476
16.98328214662000946
17.90195124286431039
18.98788668045044759
20.29890470203827135
21.92532297260035179
24.01798794535886827
26.85292686429646736
31.00708910726179823
37.97577336090089517
53.70585372859293471
