38.94304541838871359
39.14169022859606883
39.34204472697714294
39.54412955768113136
39.74796568642566541
39.95357440663985926
40.16097734574673694
40.37019647158845714
40.58125409899798797
40.79417289652153045
41.00897589329495929
41.22568648607928310
41.53114549877678030
41.84042673368410448
42.15359740266839594
42.47072624467847390
42.79188356836499452
43.11714129611322477
43.44657300954335710
43.78025399653462557
44.11826129983247569
44.46067376730078990
44.80757210388358658
45.26530577275069334
45.73094421233661677
46.20467965372289143
46.68671037984926642
47.17724096001165890
47.67648249517428383
48.18465287467618907
48.70197704494599833
49.22868729087931428
49.76502353057078665
50.31123362413880784
51.00208751852137112
51.70899923136895637
52.43249570438777596
53.17312631999052996
53.93146408046604279
54.70810686108032428
55.50367874250936495
56.31883142845590839
57.15424575479600833
58.01063329714297367
58.88873808430903978
59.97484964649029848
61.09493567183537266
62.25050171695384904
63.44314021178328034
64.67453666567179482
65.94647640430886781
67.26085189059497793
68.61967068863980046
70.02506413697162202
71.47929680484196524
72.98477681435703346
74.85429266967838657
76.80531918967423621
78.84291717749323425
80.97255869236806802
83.20016864605014462
85.53217146451321184
87.97554354019968059
90.53787232006762054
93.22742301730579584
96.05321410462637743
99.02510295047792965
102.97005733815910844
107.18477010899161428
111.69578150533172334
116.53308583400419707
121.73069722423522876
127.32732825930852982
133.36720828738828004
139.90107566709886555
146.98738804597837770
154.69380788357790379
163.09903806084889766
188.13932058979796125
220.32346349497993288
262.86954571457101792
321.13284956207729692
404.63854632524817134
531.87215079203542700
743.26930120602366969
1144.28451477997668917
2102.11477156291721258
5945.55945495301784831
