15.00000000000001954
15.05134149559154721
15.10303565816905191
15.15508613398316484
15.20749661972348932
15.26027086339380290
15.31341266520551514
15.36692587848987834
15.42081441062939540
15.47508222400887412
15.52973333698665215
15.58477182488646839
15.66218420919689436
15.74036947521778629
15.81933925564285026
15.89910541778882092
15.97968006954066666
16.06107556547848247
16.14330451319259296
16.22637977979365687
16.31031449862480898
16.39512207618320616
16.48081619925864416
16.59354811772915994
16.70783287344367096
16.82370277348190868
16.94119102738898874
17.06033177890885710
17.18116013906618633
17.30371222066415271
17.42802517426919096
17.55413722575812940
17.68208771550737524
17.81191713930858711
17.97544917550681731
18.14201182631447296
18.31169012577378652
18.48457231918091281
18.66075001611933004
18.84031835232885044
19.02337616101123885
19.21002615422052884
19.40037511503753009
19.59453410128405437
19.79261866159342276
20.03625765661826819
20.28596959876457007
20.54198441509116435
20.80454378799720416
21.07390191620892494
21.35032633565713667
21.63409880581766487
21.92551626768734607
22.22489188024239937
22.53255614298446474
22.84885811303336212
23.23861455707543655
23.64189870920764491
24.05942728911706041
24.49196855734229672
24.94034703310748924
25.40544874004135778
25.88822705000085023
26.38970920610084292
26.91100361886767445
27.45330804457521978
28.01791877276569664
28.75871396713483108
29.53974636015309585
30.36438576880829743
31.23638910722045736
32.15995761328203173
33.13980453675726778
34.18123559012834534
35.29024506079755241
36.47363126084634644
37.73913601096060688
39.09561420563310463
43.00517562619641865
47.78352847355157706
53.75646953274552686
61.43596518028061126
71.67529271032736915
86.01035125239283730
107.51293906549105373
143.35058542065473830
215.02587813098210745
430.05175626196421490
