3.04858735157374205
3.10190424284385680
3.17164524093536970
3.25960042367010461
3.36800133685887504
3.49963627748534289
3.65800152572437431
3.84750303424411166
4.07372963533089028
4.34382898605645362
4.66703353126884490
5.05540972288968948
5.52494677603718820
6.09717470314748411
6.80163093174349598
7.67973207719341211
8.79106118652466151
10.22399354046385866
12.11453359867741497
14.68171089861773027
18.29911028719254062
23.65363550991224884
32.14526210073665879
47.09270626725490416
78.57308146071345334
177.36266716336479021
