3.04858735157374250
3.06358529095172205
3.07873152870171030
3.09402827529506119
3.10947778535359642
3.12508235875742901
3.14084434178630678
3.15676612829567649
3.17285016092869565
3.18909893236549102
3.20551498661099599
3.22210092032277196
3.24778094631900283
3.27387359866011662
3.30038890300481924
3.32733721245753378
3.35472922104674121
3.38257597787459918
3.41088890197717731
3.43967979793729173
3.46896087229478622
3.49874475080218961
3.52904449657699182
3.56904004181816292
3.60995253816059414
3.65181388475596780
3.69465747773726427
3.73851829907520861
3.78343301183987313
3.82944006241263857
3.87657979024742394
3.92489454583980057
3.97442881762910716
4.02522936863282776
4.08607828648391980
4.14879513343496509
4.21346726228180568
4.28018755874988877
4.34905488661269501
4.42017457648405987
4.49365896336684933
4.56962797872785664
4.64820980366257697
4.72954159063224822
4.81377026232163452
4.90768172469089858
5.00533031697787401
5.10694364186154992
5.21276816727354397
5.32307122235776298
5.43814325231722329
5.55830037218926165
5.68388726682805157
5.81528049311683137
5.95289225103789388
6.09717470314748233
6.24862493780999628
6.40779069097691067
6.57527696529784844
6.75175371515104850
6.93796480337711330
7.13473848219123941
7.34299970970665061
7.56378468841375096
7.79825810777134887
8.04773369646438219
8.31369884998364483
8.57752122985757204
8.85863635909995928
9.15880207842450389
9.48002283499808485
9.82459449963031695
10.19515932647276912
10.59477383808361672
11.02699332693834400
11.49597792033787513
12.00662691360618872
12.56475056986495531
13.08689864019303428
13.65432572846724568
14.27318845428767702
14.95081258709950234
15.69598440745286716
16.51933377022988836
17.43384440619743003
18.45554365892813919
19.60444984935888968
20.90589698678905606
22.39242464659944076
23.69444334795367624
25.15722260584507808
26.81249516056294269
28.70093366316527295
30.87553745796308036
33.40668523663015321
36.38989489773253183
39.95814881914639471
44.30225889332678690
49.70613601452669172
56.61145800878570356
62.27260380966426823
69.19178201073806633
77.84075476208032285
88.96086258523466483
103.78767301610710660
124.54520761932853645
155.68150952416064570
207.57534603221421321
311.36301904832129139
622.72603809664258279
