38.94304660093276027
39.10899259500369851
39.27613106923667630
39.44447403876306879
39.61403367479639570
39.78482230711767187
39.95685242660741210
40.13013668782598131
40.30468791164245346
40.48051908791372000
40.65764337821493513
40.83607411862191583
41.08910639146904487
41.34478459316588328
41.60314757286339216
41.86423491610445069
42.12808696195587999
42.39474482061341831
42.66425039149474685
42.93664638183669524
43.21197632581220205
43.49028460418433895
43.77161646451489219
44.14604248847044943
44.52587819750702636
44.91123352430673776
45.30222129031865563
45.69895729907952386
46.10156043311823026
46.51015275460393639
46.92485960990546801
47.34580973823854322
47.77313538458660247
48.20697241708987235
48.76220545583998245
49.32825120821172504
49.90540648845005478
50.49397866827533221
51.09428613949649645
51.70665880077326904
52.33143856999278398
52.96897992382960751
53.61965046616616348
54.28383152716985194
54.96191879495032850
55.81419258888266199
56.68884777677238418
57.58671525573335259
58.50866600476803114
59.45561347349554637
60.42851614096268520
61.42838025866589646
62.45626279325734487
63.51327458589759090
64.60058374686931870
65.71941930589999004
67.14023516564097349
68.61322405841684713
70.14110632676616319
71.72678742455526901
73.37337354834423309
75.08418885300248746
76.86279443977225867
78.71300933072453176
80.63893367329760054
82.64497445305241285
84.73587403275860197
87.60892540004007856
90.64860712812813404
93.86876373096116311
97.28475449999834268
100.91366111161211450
104.77452971967787221
108.88865431601526268
113.27990969391018439
117.97514431069356533
123.00464583626765602
128.40269535860608130
148.10830392881905482
173.43624733875483912
206.91923140046961294
252.77199807693997968
318.49110557473107974
418.62515080404278933
584.99809522265684336
900.60560929098949146
1654.44220843845482705
4679.34034533464364358
