15.00000030590228839
15.04289657706561556
15.08603889720679803
15.12942938938537374
15.17307020115672422
15.21696350492639027
15.26111149831055158
15.30551640450280182
15.35018047264734697
15.39510597821874605
15.44029522340836103
15.48575053751760855
15.55009569180568896
15.61497780090138754
15.68040361422928264
15.74637999480863826
15.81291392165327991
15.88001249223258426
15.94768292499538198
16.01593256195868165
16.08476887136313849
16.15419945039729654
16.22423202799271280
16.31720351247410505
16.41124666731917969
16.50638012945066180
16.60262297045238000
16.69999470931537644
16.79851532563514738
16.89820527327882971
16.99908549454191231
17.10117743481508512
17.20450305778278732
17.30908486117609257
17.44246906291341404
17.57792495251091580
17.71550117307978311
17.85524790259396610
17.99721691490944764
18.14146164371792835
18.28803724960078370
18.43700069036014355
18.58841079481542380
18.74232834026622285
18.89881613383581893
19.09458424500286355
19.29445063504973845
19.49854535749904016
19.70700402747475977
19.91996812221004731
20.13758530125242174
20.36000974788951012
20.58740253345420967
20.81993200631829311
21.05777420754865048
21.30111331538293484
21.60813583686651640
21.92413829747901843
22.24952051852684676
22.58470641432329273
22.93014583473502199
23.28631657944868039
23.65372660292329599
24.03291643142656397
24.42446181634188207
24.82897665113782537
25.24711618308199235
25.81607731924629690
26.41127354258384230
27.03456224555587539
27.68798039134158628
28.37376675221511135
29.09438753670840327
29.85256602372493262
30.65131695408888746
31.49398659507360421
32.38429960050748235
33.32641405032175186
36.65905545535392918
40.73228383928213958
45.82381931919240969
52.37007922193417642
61.09842575892320582
73.31811091070784414
91.64763863838479097
122.19685151784638322
183.29527727676958193
366.59055455353916386
