3.97698535404797315
4.04207625562961859
4.10918350832289114
4.17839757222269181
4.24981419878033773
4.32353481257145411
4.39966692590619068
4.47832458957506052
4.55962888340217276
4.64370845070593230
4.73070008125163621
4.82074934782988151
4.94651836974227965
5.07846329034768207
5.21702352366901678
5.36267941334890086
5.51595696635402177
5.67743324501108404
5.84774252512944681
6.02758334839941501
6.21772662212350991
6.41902494972986926
6.63242341282314118
6.89043706322153948
7.16709076269544632
7.46433465445866151
7.78438777211591226
8.12978458557645567
8.50343136533236077
8.90867483651337899
9.34938632449812168
9.83006557433241568
10.35596975497092842
10.93327497845172935
11.55506348652538584
12.24119457778230924
13.00135617195285143
13.84718827445713885
14.79278601955420847
15.85536355743141534
17.05614121059115007
18.42154727086546373
19.98487061337950621
21.78857115671812394
23.88756992486994335
25.93171816528649032
28.29056584620167669
31.03618096622039246
34.26332484332128558
38.09884129084575477
42.71600845199265706
48.35714660298932444
55.37049157862276871
64.27283164900742918
75.86116601795268366
91.42367507280874861
105.44252954250264054
123.46183879676770800
147.28373356916330295
179.90719501373848743
226.66637926540047943
297.91332396283320350
416.29237402003519719
640.85920156442364259
1177.24846102683659410
3329.61712357991336830
