3.04858735157373983
3.08622570264153895
3.12480504970154183
3.16436112820996263
3.20493150628485157
3.24655570371500213
3.28927532036468540
3.33313417485120089
3.37817845446702902
3.42445687742489246
3.47202086862382764
3.52092475026939233
3.58867725091708989
3.65908840917708522
3.73231784841807945
3.80853823114932810
3.88793661818610836
3.97071600144591574
4.05709703681616851
4.14732000823817959
4.24164705981903900
4.34036473963690206
4.44378690722888159
4.56721902611546504
4.69770403242413703
4.83586420555388230
4.98239724843915432
5.13808807178922056
5.30382285901056072
5.48060594393856260
5.66958018028873312
5.87205167569906106
6.08952002184589780
6.32371550023912832
6.57104670606178143
6.83851249271728179
7.12867583745790512
7.44455398900814291
7.78972377997787913
8.16845766081079105
8.58590144529835975
9.04830949278114893
9.56336021304172235
10.14058583072722719
10.79196778564021919
11.40767740776733064
12.09789346097913487
12.87701082847629941
13.76338782675373551
14.78081113904613098
15.96066236257608750
17.34521221301356064
18.99279218026030236
20.98622300016729625
23.44717331677995631
26.56196301965031736
29.21815932161534946
32.46462146846150176
36.52269915201919304
41.74022760230764817
48.69693220269225264
58.43631864323069891
73.04539830403838607
97.39386440538450529
146.09079660807677215
292.18159321615354429
