3.97698535404798070
3.98990806934845921
4.00294153975490996
4.01608728139006743
4.02934683885932277
4.04272178593163201
4.05621372624018850
4.06982429400362644
4.08355515476831510
4.09740800617261058
4.11138457873377927
4.12548663665834514
4.14728322480695333
4.16938364187775079
4.19179466795675459
4.21452329135872539
4.23757671678970116
4.26096237389973620
4.28468792624798578
4.30876128070356135
4.33319059730732103
4.35798429962121858
4.38315108559387667
4.41628525851860054
4.45007941434530263
4.48455464409472260
4.51973296919106282
4.55563739402609880
4.59229196215812596
4.62972181644411229
4.66795326343206796
4.70701384237192499
4.74693239923858545
4.78773916619948370
4.83644446524405236
4.88645133870551618
4.93781571007905384
4.99059683091983608
5.04485753548072768
5.10066451929686782
5.15808864440272252
5.21720527421870095
5.27809464154877972
5.34084225359657783
5.40553933844587675
5.47733967339793626
5.55163292366922256
5.62855857457679409
5.70826696489132068
5.79092037776534418
5.87669426713225018
5.96577863974641165
6.05837961655940749
6.15472120136265399
6.25504728973731527
6.35962395754328824
6.46874207571258708
6.58272030731971558
6.70190855420899112
6.82669193441334787
6.95749538891092634
7.09478903786008885
7.23909443354450666
7.39099189145448943
7.55112912436672090
7.72023145983532988
7.89911399306008644
8.07518756685383998
8.26136286700817024
8.45858120328882812
8.66790743686837928
8.89055124046744538
9.12789295074653850
9.38151522255089709
9.65324207524881750
9.94518744299978863
10.25981606408115709
10.60002056032082152
10.91500209995721704
11.25387359042861846
11.61960449047851185
12.01569047660775169
12.44627733619182486
12.91632200559896759
13.43180454581410999
14.00001107075872042
14.62991723203324845
15.33271698067628463
16.12256577424357218
16.80391880140680883
17.55859455598762509
18.39977160034334602
19.34408163053919694
20.41284155065596906
21.63386095618629312
23.04416841970896712
24.69425812199390435
26.65495921570180471
29.02905876656459228
31.97206954040613525
34.31879781453115896
37.11650629388461198
40.51804589468104467
44.75685539310737937
50.20961274956603404
57.52943619515392726
67.96573726654116854
84.27748722041943097
114.15569986664631585
191.86146515480385233
