3.04858735157374428
3.05607712083036187
3.06362236532039578
3.07122377326629392
3.07888204490339579
3.08659789275087526
3.09437204189019566
3.10220523025131589
3.11009820890690536
3.11805174237483884
3.12606660892924060
3.13414360092037336
3.14660831906837668
3.15922294932257763
3.17199052094656109
3.18491414959943242
3.19799704052988965
3.21124249191581512
3.22465389835729166
3.23823475453145004
3.25198865901806444
3.26591931830542714
3.28003055098661367
3.29856488927337610
3.31741701442823178
3.33659611271253853
3.35611174650475164
3.37597387433428908
3.39619287223526189
3.41677955652408771
3.43774520811457140
3.45910159849461385
3.48086101750045351
3.50303630303729641
3.52941448142818714
3.55639766731176188
3.58400934737374355
3.61227430491763979
3.64121871337433500
3.67087023818836977
3.70125814798240738
3.73241343601526054
3.76436895307922947
3.79715955313224107
3.83082225313255220
3.86800936289485930
3.90630089660120161
3.94575262678479133
3.98642435039677867
4.02838027003485255
4.07168942026039016
4.11642614544507790
4.16267063667341564
4.21050953652518078
4.26003662211904821
4.31135357867466151
4.36457087812030231
4.41980878003157418
4.47719847555379324
4.53688339909133198
4.59902073763962083
4.66378317394737607
4.73136090756363181
4.80196400768740705
4.87582516418084033
4.95320291890763365
5.03438547976347373
5.11364084867123214
5.19676117947933047
5.28407117399569515
5.37593505423990514
5.47276297001011613
5.57501872373214180
5.68322914508698229
5.79799554866958200
5.92000784475097319
6.05006206115976308
6.18908229570178570
6.31637187520020049
6.45185281218296058
6.59644311643553749
6.75121160598459102
6.91741133192609059
7.09652252785459758
7.29030846713896707
7.50088907830433804
7.73083940108170076
7.98332343872078809
8.26227950076074258
8.49909291001999634
8.75751052736474378
9.04103056131458693
9.35399932349167251
9.70189532861427573
10.09173910039275235
10.53270019084969711
11.03702437626876609
11.62150188694823250
12.30989429481383191
13.13716007513541939
13.77836972662968229
14.52367692668711463
15.40468566393458083
16.46830168725470145
17.78779882970839665
19.48555733479057039
21.78551539003067106
25.15574634973788903
30.80937132786916166
43.57103078006134211
