3.97698535404796694
4.00283380391694088
4.02899770053489803
4.05548257690248448
4.08229409160575862
4.10943803230526683
4.13692031933976256
4.16474700944900356
4.19292429962006352
4.22145853106199009
4.25035619331371883
4.27962392849041251
4.31334168892980951
4.34755638163192248
4.38227851660512613
4.41751889140751430
4.45328860078137190
4.48959904666981924
4.52646194863338369
4.56388935468473811
4.60189365256130056
4.64048758145596718
4.67968424422767804
4.72395187274639827
4.76899905643746358
4.81484545775754569
4.86151138051120491
4.90901779548748518
4.95738636731164295
5.00663948257890112
5.05680027934109599
5.10789267802180724
5.15994141384018512
5.21297207082888736
5.27174168801686260
5.33173722390755067
5.39299522242832996
5.45555363598375909
5.51945189205389397
5.58473096353352627
5.65143344305659134
5.71960362156815094
5.78928757142622175
5.86053323433700157
5.93339051445058097
6.01270747359149293
6.09397154904343719
6.17725087782182491
6.26261668029379770
6.35014343163754535
6.43990904465534886
6.53199506481636227
6.62648687848258966
6.72347393535656934
6.82304998628326409
6.92531333764184520
7.03479989628415225
7.14743641265799656
7.26335176066055066
7.38268163820151546
7.50556901232371043
7.63216459900100563
7.76262738076965508
7.89712516567940526
8.03583519141946390
8.17894477888781246
8.32665203993565584
8.48234270312093308
8.64327586249426716
8.80970209111481140
8.98188749267223407
9.16011489125747325
9.34468513035773363
9.53591849282211967
9.73415625499759685
9.93976238989320748
10.15312543612362184
10.37466055155189437
10.60481177303673839
10.84405450654744918
11.09289827519954130
11.35188975656109989
11.62161614497103024
11.90270887970067726
12.19584778570382255
12.50176568058763316
12.82125350947852560
13.15516607886946332
13.50442847158192272
13.86253620063898495
14.23736909565634434
14.63003722115858274
15.04174695619325242
15.47381140960137458
15.92766219378141024
16.40486276560187306
16.90712358018807748
17.43631934789549476
17.99450873860651257
18.58395694271099075
19.18158808515523717
19.81276826766634613
20.48018525581946037
21.18680988217639083
21.93593336565379204
22.73121058864310839
23.57671045673862764
24.47697471281210824
25.43708688622208669
26.46275344693410858
27.56039972674873084
28.66455129146238079
29.84555075639516275
31.11108320526889415
32.46985063660588366
33.93174140831541052
35.50803408814187634
37.21164403026516965
39.05742335460347903
41.06252813308407212
43.24687077542264291
45.63368126795189994
48.03242840469600594
50.65054037272390985
53.51713525890071566
56.66649560769202765
60.13923376968903511
63.98378128504880635
68.25831090085324604
73.03324299620364002
78.39455148697201992
84.44817860367714957
91.32601099863379090
98.35837388233620970
106.34473256378895201
115.47655995999542711
125.99773417769328887
138.22320068718846642
152.56603072502329610
169.57755765097081735
190.00846836059614020
214.90457170760015515
245.76211951483830376
284.78990833776026648
328.53731373398272808
384.76430130234274429
459.09244203137842533
560.87671003139405457
706.75630045504192367
929.02287993013794676
1298.31189429061532792
1998.83755886384142286
3672.04085732008434206
10386.00116973496915307
