38.94304660093273185
39.19043569105190983
39.44047870676386935
39.69321562476849863
39.94868719925322864
40.20693498045416447
40.46800133374267716
40.73192945925570996
40.99876341208679520
41.26854812305697351
41.54132942008468632
41.81715405017465059
42.20241532341684376
42.59367716609563104
42.99107108312421843
43.39473230778376944
43.80479993173338471
44.22141704041194998
44.64473085409154862
45.07489287485623919
45.51205903979546008
45.95638988071692665
46.40805069070161437
46.99637683625563511
47.59732792752514285
48.21128613300066235
48.83864862342608149
49.47982829790294090
50.13525455189548552
50.80537408995135706
51.49065178616912419
52.19157159567866699
52.90863752065664016
53.64237463467598843
54.55414249181320940
55.49218697122506683
56.45757969903818463
57.45144914942118675
58.47498437428507145
59.52943902565964152
60.61613569757012954
61.73647061705794670
62.89191871714673709
64.08403912809058056
65.31448112721020038
66.80022591478947902
68.34342083119051381
69.94722267940444738
71.61501482542061581
73.35042739348421037
75.15735962381671698
77.04000466444422557
79.00287710811186059
81.05084363106897172
83.18915714399093986
85.42349492790475551
88.10660396025964758
90.93361954283102477
93.91557900963005068
97.06463241530144614
100.39418277869359031
103.91904770537252034
107.65564623971863512
111.62221560258848285
115.83906346886431038
120.32886268298642563
125.11699686822825583
131.15264373218280980
137.69059974339364771
144.79138655579717465
152.52523480021145019
160.97405797479484590
170.23391877532694139
180.41813526578178539
191.66122636822461800
204.12396968459484015
217.99994986268632147
233.52412837087572939
269.39100891534127413
315.48973456221767719
376.42937515965309103
459.87998425713459483
579.48388438988740745
761.71672520003346563
1064.49189825917824237
1638.84508820827204545
3010.68847453878743181
8515.40738999683344446
