15.00000030590228128
15.06392670644454945
15.12840031701164634
15.19342819398205613
15.25901751558249231
15.32517558452936690
15.39190983073927121
15.45922781411058722
15.52713722737841451
15.59564589904507237
15.66476179638852351
15.73449302855116017
15.83163140122619872
15.92997661017931854
16.02955128639132099
16.13037863024677065
16.23248242955535403
16.33588707826204356
16.44061759587697935
16.54669964765756518
16.65415956557699673
16.76302437011516844
16.87332179290986289
17.01645208954307620
17.16203140558157969
17.31012313903236333
17.46079289520323385
17.61410858360959608
17.77014052003185185
17.92896153404560522
18.09064708237023211
18.25527536840637310
18.42292746836027106
18.59368746438230602
18.80478862823618869
19.02073826125016964
19.24170533984112552
19.46786678482586908
19.69940793385488220
19.93652304796524177
20.17941585516246406
20.42830013422819135
20.68340034226998014
20.94495228988516899
21.21320386820755743
21.53486379518509608
21.86642869700932579
22.20836323845185944
22.56116161063406622
22.92534991413819867
23.30148877671847885
23.69017623300518238
24.09205089731257132
24.50779546495625638
24.93814058245924770
25.38386913279969903
25.91399503274122296
26.46673591402827341
27.04357043674342265
27.64610904087370002
28.27610896132216567
28.93549134376734600
29.62636081249245379
30.35102791001416023
31.11203491255385600
31.91218562909939038
32.75457992014846553
33.80125574474070760
34.91703296931726896
36.10898829323637926
37.38519887131131725
38.75492558828904066
40.22883815467963586
41.81929359784711409
43.54068353356763765
45.40987088711669628
47.44674414988170241
49.67492780924413864
54.64242059016855535
60.71380065574283691
68.30302573771068353
78.06060084309793012
91.07070098361424471
109.28484118033711070
136.60605147542136706
182.14140196722848941
273.21210295084273412
546.42420590168546823
