38.94304541838856437
39.05877293320469335
39.17507989689595149
39.29197037396478720
39.40944846563898096
39.52751831027812557
39.64618408378531456
39.76545000002415975
39.88532031124157129
40.00579930849573884
40.12689132209011689
40.24860072201293804
40.44419403703081173
40.64139026430274271
40.84020783110290154
41.04066543794206012
41.24278206353566389
41.44657696987912487
41.65206970743260939
41.85928012041867419
42.06822835223496782
42.27893485098551452
42.49142037513286141
42.78823770928149628
43.08855439345762051
43.39242839043198785
43.69991890311817428
44.01108640715632703
44.32599268451333785
44.64470085813687206
44.96727542770044295
45.29378230648040216
45.62428885940592949
45.95886394232536531
46.39253242816799627
46.83311325921067692
47.28076150819522638
47.73563674920812616
48.19790321841038150
48.66772998159375874
49.14529110890100583
49.63076585706532029
50.12433885954504831
50.62620032495088651
51.13654624418584405
51.76886053088328765
52.41439550720573948
53.07354107146747424
53.74670203039489280
54.43429880180077873
55.13676815673731824
55.85456400370848939
56.58815821771712962
57.33804151713010100
58.10472439157267388
58.88873808430906820
59.83404660444195855
60.80505017452234995
61.80273660154711024
62.82814305570313707
63.88235911911765896
64.96653005966396677
66.08186034921178020
67.22961744762686465
68.41113587595285139
69.62782160457966540
70.88115678484052751
72.37395608016626625
73.92011181089313254
75.52233103271755965
77.18349997120142802
78.90669873154989489
80.69521745723582740
82.55257410466276724
84.48253402326383821
86.48913155599016989
88.57669390461546755
90.74986753834357955
93.35871736374980401
96.09537044812041984
98.96876333140099291
101.98865230033212015
105.16570720320765986
108.51161822254900358
112.03921771561368814
115.76261963065087457
119.69737949061865834
123.86067852661295774
128.27153626716170720
133.88226346426165492
139.91505594418583769
146.41572848864032608
153.43669411854432383
161.03816388087824407
169.28961326567207379
178.27158603909657586
188.07792835713615887
198.81857609211400018
210.62305968299716596
223.64494840630018757
257.99315995969971027
302.14005432830469999
360.49958202702214294
440.41709520367135156
554.95738848765381590
729.47530585174342832
1019.43256970515403736
1569.47102499302536671
2883.23927886854653480
8154.92509487163169979
