14.99999999999998224
15.02992153682867027
15.05996268537060345
15.09012416428616099
15.12040669800448889
15.15081101678150510
15.18133785675859393
15.21198796002201803
15.24276207466305877
15.27366095483886710
15.30468536083408715
15.33583605912319747
15.38583021144167340
15.43615138732630676
15.48680280601364601
15.53778772913311634
15.58910946140714060
15.64077135136518848
15.69277679207206688
15.74512922187078523
15.79783212514034219
15.85088903306879082
15.90430352444191620
15.97876651436533457
16.05393004664181689
16.12980405397110673
16.20639865772014332
16.28372417242398384
16.36179111041621681
16.44061018659320084
16.52019232331666387
16.60054865545940928
16.68169053559897463
16.76362953936435929
16.86953819310933156
16.97679356685461016
17.08542151202362902
17.19544854595384109
17.30690187347753906
17.41980940934738342
17.53419980154553670
17.65010245551721368
17.76754755937178132
17.88656611009669106
18.00718994083215918
18.15608102294846660
18.30745482242874900
18.46137395929049063
18.61790317730696032
18.77710943481096706
18.93906200019776520
19.10383255241318423
19.27149528673332668
19.44212702616376731
19.61580733880965255
19.79261866159342986
20.00475658411206936
20.22149117601490076
20.44297347674337928
20.66936121624859624
20.90081918959690199
21.13751965702982716
21.37964277151935022
21.62737703604862460
21.88091979305755430
22.14047774872410201
22.40626753500858115
22.72079083246395115
23.04426995555069624
23.37709294493985368
23.71967058733997646
24.07243810693360686
24.43585701002632504
24.81041709934775596
25.19663867649130040
25.59507495331783744
26.00631469582570787
26.43098512705928016
26.93632147416328593
27.46135760397065795
28.00726836627007899
28.57532392610137606
29.16689962999303987
29.78348712363180439
30.42670691015031537
31.09832257162650038
31.80025691658245179
32.53461036481834157
33.30368193979311542
34.26930668661414359
35.29259916196376423
36.37888430064156609
37.53416345029108214
38.76522529781571080
40.07977936531722918
41.48661762103837702
42.99581136465228326
44.61895270842907735
46.36945290144369380
48.26291374481733243
53.08920511929906638
58.98800568811007849
66.36150639912384008
75.84172159899867438
88.48200853216512485
106.17841023859816119
132.72301279824770859
176.96401706433027812
265.44602559649541718
530.89205119299083435
