3.97698535404798781
4.00370213520850893
4.03075597218991177
4.05815297771828742
4.08589940799695128
4.11400166682929136
4.14246630988173692
4.17130004909244789
4.20050975723140496
4.23010247261797367
4.26008540400217051
4.29046593561629575
4.32125163240367716
4.35245024543181991
4.38406971749745278
4.41611818893130614
4.44860400361090136
4.48153571518994553
4.51492209355337248
4.54877213150749693
4.58309505171515585
4.61790031388627042
4.65319762223467670
4.68899693321265154
4.72530846353509393
4.76214269850594274
4.79951040065999912
4.83742261873395396
4.87589069698120792
4.91492628484567540
4.95454134701063253
4.99474817383945524
5.03555939222588034
5.07698797687254544
5.11904726201718852
5.16175095362728076
5.20511314208466569
5.24914831538305471
5.29387137286242559
5.33929763950557579
5.38544288082362854
5.43232331835843674
5.47995564583174044
5.52835704597213784
5.57754520805308029
5.62753834617653936
5.67835521833927093
5.73001514632043740
5.78253803643168673
5.83594440117304725
5.89025538184056430
5.94549277213418659
6.00167904281726639
6.05883736748207014
6.11699164947887208
6.17616655006963367
6.23638751787095380
6.29768081965480153
6.36007357257982253
6.42359377793039066
6.48827035644519245
6.55413318532263034
6.62121313699523650
6.68954211977156099
6.75915312044995531
6.83008024901552968
6.90235878553866478
6.97602522940103498
7.05111735098367642
7.12767424596006727
7.20573639234706409
7.28534571047655533
7.36654562606188890
7.44938113654469358
7.53389888092081961
7.62014721325761268
7.70817628012959855
7.79803810221577187
7.88978666031877562
7.98347798608493076
8.07917025772434449
8.17692390105181310
8.27680169619325667
8.37886889032736981
8.48319331686030864
8.58984552146107561
8.69889889541754080
8.81042981680877624
8.92451780002758710
9.04124565422858062
9.16069965132320974
9.28296970419190259
9.40814955583802792
9.53633698026673571
9.66763399593614814
9.80214709269855078
9.93998747322576826
10.08127130999709919
10.22612001901955558
10.37466055155188371
10.52702570521335623
10.68335445598050804
10.84379231270821897
11.00849169595838362
11.17761234308135698
11.35132174167347507
11.52979559373110519
11.71321831303878724
11.90178355856967762
12.09569480694270460
12.29516596727589040
12.50042204210243568
12.71169983838020734
12.92924873302915145
13.15333149788186162
13.38422518943417039
13.62222210934316102
13.86763084224593356
14.12077737817353196
14.38200632761963149
14.65168223820483639
14.93019102286772082
15.21794151062879230
15.51536713222884600
15.82292775436187959
16.14111167782559164
16.47043781672759621
16.81145807794471025
17.16475996237202395
17.53096941216093541
17.91075393118124381
18.30482600941031635
18.71394688592094013
19.13893068969044009
19.58064900268304953
20.04003589567702548
20.51809349425588636
21.01589814041446047
21.53460722454079246
22.07546677334901375
22.63981989193244360
23.22911617280609420
23.84492220201488877
24.48893331257396255
25.16298675926658390
25.86907651686286869
26.60936993700493503
27.38622653839948384
28.20221925187305700
29.06015849790283667
29.96311954144282197
30.91447364972832901
31.91792367639152772
32.97754481359997669
34.09783139800563845
35.28375083238299936
36.54080590098089942
37.87510702314289546
39.29345631996089594
40.80344577987455779
42.41357232371550623
44.13337321726739049
45.97358609901864668
47.94633893437877248
50.06537654488650446
52.34633208595775500
54.80705408769676978
57.46800260633060731
60.35273190305776581
63.48848221428748673
66.90691008567281983
70.64499610295425214
74.74618166474589032
79.26180416934003858
84.25292480073527202
89.79267826645710215
95.96932435586528243
102.89025481236363646
110.68731801983298624
119.52398818535736780
129.60515765677217814
141.19072569514088400
154.61478943903648542
170.31328190502097186
188.86465765005931416
211.05128811936356215
237.95475956993990962
271.10867192538341897
312.75304879030039729
366.27716559854565048
437.03239216233322395
533.92405614083111232
672.79159201017876057
884.37457443923335632
1235.91337683680944792
1902.76802196289759195
3495.54888451811166306
9886.80485095789663319
