3.04858735157374872
3.06406241427209247
3.07969538577348079
3.09548869544411387
3.11144482274021739
3.12756629850571066
3.14385570631042777
3.16031568383037742
3.17694892427158981
3.19375817783916460
3.21074625325320229
3.22791601931337979
3.24527040651398924
3.26281240871136236
3.28054508484566298
3.29847156071913616
3.31659503083297746
3.33491876028509360
3.35344608673112177
3.37218042241118354
3.39112525624495431
3.41028415599775059
3.42966077052046492
3.44925883206629580
3.46908215868736658
3.48913465671446099
3.50942032332326592
3.52994324919065328
3.55070762124471573
3.57171772551243549
3.59297795006905707
3.61449278809342278
3.63626684103374442
3.65830482188849393
3.68061155860732603
3.70319199761718698
3.72605120747902108
3.74919438268075433
3.77262684757250888
3.79635406045032298
3.82038161779494523
3.84471525867261965
3.86936086930513623
3.89432448781678220
3.91961230916624181
3.94523069027190321
3.97118615533948116
3.99748540140133191
4.02413530407734132
4.05114292356779249
4.07851551088919617
4.10626051436463335
4.13438558638082920
4.16289859042483457
4.19180760841389510
4.22112094833287355
4.25084715219437204
4.28099500433759506
4.31157354008286298
4.34259205475971743
4.37406011312754117
4.40598755920876428
4.43838452655588700
4.47126144897481925
4.50462907172836236
4.53849846324511663
4.57288102736060953
4.60778851611908813
4.64323304316615815
4.67922709776434598
4.71578355946563033
4.75291571347717046
4.79063726675873625
4.82896236489280639
4.86790560977097453
4.90748207814309634
4.94770734107869536
4.98859748439339601
5.03016913009667466
5.07243945892101689
5.11542623399661878
5.15914782574018016
5.20362323803104410
5.24887213575305367
5.29491487378597547
5.34177252753629439
5.38946692510358361
5.43802068118559845
5.48745723283274067
5.53780087717065506
5.58907681121853095
5.64131117394019910
5.69453109067548358
5.74876472011048811
5.80404130395770324
5.86039121953010778
5.91784603540785348
5.97643857041189097
6.03620295611600977
6.09717470314748411
6.15939077154694736
6.22288964548042056
6.28771141262084132
6.35389784854316542
6.42149250650639036
6.49054081302796337
6.56109016969130998
6.63319006166593983
6.70689217346222666
6.78225051248989175
6.85932154104091296
6.93816431737471717
7.01884064664651675
7.10141524248941725
7.18595590013810170
7.27253368206747641
7.36122311721464229
7.45210241495803327
7.54525369514500976
7.64076323558988335
7.73872173861026802
7.83922461833248008
7.94237231067895877
8.04827060815467910
8.15703102177839057
8.26877117276165663
8.38361521682779021
8.50169430438874407
8.62314708016572773
8.74812022625508590
8.87676905311177755
9.00925814345673004
9.14576205472122616
9.28646608633232162
9.43156711893126420
9.58127453351747427
9.73581121954194906
9.89541468215739073
10.06033826019334754
10.23085246799323578
10.40724647606208464
10.58982974757194562
10.77893385020715833
10.97491446566547069
11.17815362243705302
11.38906218135096005
11.60808260791540114
11.83569207081570340
12.07240591223201776
12.31878154309389473
12.57542282524168442
12.84298501301278428
13.12218033938262707
13.41378434692446397
13.71864308208183836
14.03768129329304415
14.37191180027621229
14.72244623442928990
15.09050739029002131
15.47744347722053604
15.88474462135791754
16.31406204355678113
16.76723043365558041
17.24629416033145546
17.75353810622355510
18.29152410944245233
18.86313423786252841
19.47162243908389812
20.12067652038669507
20.81449295212416928
21.55786770041431666
22.35630724487410603
23.21616521583080228
24.14481182446403551
25.15084565048336884
26.24436067876525414
27.43728616416367672
28.74382360055242458
30.18101478058004261
31.76948924271583508
33.53446086731116083
35.50707621244711021
37.72626847572505682
40.24135304077339015
43.11573540082863332
46.43233043166160456
50.30169130096673769
54.87457232832735343
60.36202956116008522
67.06892173462232165
75.45253695145011363
86.23147080165726663
100.60338260193347537
120.72405912232017045
150.90507390290022727
201.20676520386695074
301.81014780580045453
603.62029561160090907
