3.97698535404797981
3.98327124589139059
3.98958327528702217
3.99592161538143253
4.00228644089128327
4.00867792812138291
4.01509625498304779
4.02154160101263969
4.02801414739044539
4.03451407695974318
4.04104157424620958
4.04759682547754363
4.05647909766135051
4.06541262657731117
4.07439788370990641
4.08343534648496309
4.09252549836476121
4.10166882894498919
4.11086583405359463
4.12011701585156143
4.12942288293566495
4.13878395044326108
4.14820074015912699
4.16001716923361453
4.17192203143378926
4.18391638219909723
4.19600129423899304
4.20817785789222665
4.22044718149525799
4.23281039175997087
4.24526863416105638
4.25782307333328713
4.27047489347907039
4.28322529878643543
4.29842798840147378
4.31377223975186475
4.32926015575823975
4.34489388220455286
4.36067560885000116
4.37660757057601657
4.39269204856968098
4.40893137154483039
4.42532791700239780
4.44188411253131932
4.45860243715171922
4.47780018474760233
4.49721435660525426
4.51684884622238769
4.53670764328373366
4.55679483668839058
4.57711461769319783
4.59767128317736518
4.61846923903391282
4.63951300369363562
4.66080721178786561
4.68235661795636027
4.70637644058406668
4.73071803196130425
4.75538827217090354
4.78039424348755126
4.80574323795642488
4.83144276531805694
4.85750056129821939
4.88392459628265385
4.91072308439777938
4.93790449301991696
4.96547755273682778
4.99545711762217159
5.02590781257514685
5.05684145740124347
5.08827027986148206
5.12020693365315793
5.15266451735802988
5.18565659441947169
5.21919721421487814
5.25330093429439504
5.28798284386242123
5.32325858858418677
5.36078969492247381
5.39900682469230464
5.43793000030365636
5.47758004897897521
5.51797864412218697
5.55914834928750512
5.60111266494170046
5.64389607823047434
5.68752411597782181
5.73202340116761899
5.77742171317897579
5.82478099458298804
5.87314207108844766
5.92253878675334455
5.97300656229870430
6.02458248919070272
6.07730543059859762
6.13121612982567132
6.18635732687056805
6.24277388384378806
6.30051292003901597
6.35962395754329446
6.42015907836397481
6.48217309415601584
6.54572372975202210
6.61087182183088107
6.67768153421130517
6.74622059142685604
6.81656053243102100
6.88877698649892167
6.96294997363937274
7.03916423211244702
7.11750957596769229
7.19631754496133169
7.27735146213303707
7.36071184729233874
7.44650550197866767
7.53484601446838465
7.62585431473673214
7.71965928527493261
7.81639843447658045
7.91621864025137789
8.01927697261917061
8.12574160531421974
8.23093264579343220
8.33957430764202456
8.45184778082963284
8.56794745580814343
8.68808216438274883
8.81247656455322925
8.94137268933337737
9.07503168281534478
9.21373575061782724
9.35779035647132140
9.50752670221453755
9.65276214405951194
9.80358041647467537
9.96032576176643225
10.12337197560892932
10.29312569315484716
10.47003012790194632
10.65456933833296738
10.84727311197623933
11.04872257446892547
11.25955665329706079
11.48047955324094538
11.69059413966300909
11.91032098513761639
12.14036795447240813
12.38151583959973756
12.63462813963690046
12.90066247450042880
13.18068396194948377
13.47588096677530345
13.78758373164718165
14.11728652890627700
14.46667414097026771
14.79193329422163039
15.13537521158255927
15.49864567028437179
15.88360027460580071
16.29233952449931877
16.72725123755889243
17.19106220286473530
17.68690151791887644
18.21837883774652411
18.78968183369853762
19.40569864491534702
19.96589647989454619
20.56623324162451993
21.21141143423419706
21.90691783708337326
22.65919688079967997
23.47587268409755268
24.36603660701406682
25.34062424264574176
26.41291637211294230
27.59921463787166118
28.91976809236830093
30.09327176149422556
31.38581077233310879
32.81750165996577806
34.41339950103608203
36.20514121857934953
38.23330072865572760
40.55084744246162387
43.22836884211840669
46.36221643083739963
50.08770364771542205
54.60147955883286386
58.62881767346844697
63.42952910984769233
69.26568505216008020
76.53751716096341795
85.89082184685713628
98.44530507304202160
116.34289191760967697
144.31326825410002357
195.54066157649472757
328.75469886833775490
