3.04858735157374383
3.05223161647608787
3.05588898170559764
3.05955952593880909
3.06324332851536552
3.06694046944521270
3.07065102941590418
3.07437508979999219
3.07811273266252661
3.08186404076864662
3.08562909759128301
3.08940798731895594
3.09452485842337488
3.09966723868693661
3.10483534076804979
3.11002937981539862
3.11524957350556830
3.12049614208135395
3.12576930839079692
3.13106929792693567
3.13639633886830937
3.14175066212021958
3.14713250135676548
3.15387960930906974
3.16067029935038413
3.16750504269855959
3.17438431773529173
3.18130861014675936
3.18827841306765292
3.19529422722869061
3.20235656110771627
3.20946593108449507
3.21662286159929689
3.22382788531539521
3.23240862032640264
3.24105823911731949
3.24977766828160552
3.25856785195690257
3.26742975225445020
3.27636434970141899
3.28537264369661974
3.29445565298007148
3.30361441611693429
3.31284999199631347
3.32216346034550103
3.33284269275615408
3.34362557824900408
3.35451380451623526
3.36550909797319253
3.37661322490825766
3.38782799267472967
3.39915525092654969
3.41059689289977186
3.42215485674180986
3.43383112689056968
3.44562773550570345
3.45875361389683311
3.47203065066399041
3.48546176950844755
3.49904997391918782
3.51279834999443841
3.52671006938610798
3.54078839237352749
3.55503667107324839
3.56945835279207291
3.58405698353093705
3.59883621164772993
3.61487158167038292
3.63112322660092213
3.64759605219800864
3.66429512143538094
3.68122566103952753
3.69839306836273751
3.71580291861205136
3.73346097245610986
3.75137318403345166
3.76954570938756639
3.78798491535582249
3.80755422475312555
3.82742999612232770
3.84762031272093319
3.86813355947681670
3.88897843761946982
3.91016398018802125
3.93169956847880142
3.95359494950049628
3.97586025451063252
3.99850601871348132
4.02154320220637373
4.04550507789428515
4.06990044373391147
4.09474252969280350
4.12004513801190431
4.14582267543081340
4.17209018765905260
4.19886339628072314
4.22615873829819400
4.25399340854079533
4.28238540518710931
4.31135357867466507
4.34091768429903624
4.37109843883580762
4.40191758155415602
4.43339794003036314
4.46556350121400669
4.49843948824955042
4.53205244361247495
4.56643031918262388
4.60160257394945482
4.63760028012538861
4.67445623853595915
4.71138042890273745
4.74919368252777030
4.78793226007756978
4.82763452704109763
4.86834111346763443
4.91009508877565004
4.95294215334252286
4.99693084881266714
5.04211278932455187
5.08854291616096432
5.13627977867939389
5.18322224321445635
5.23147576739667208
5.28110253782428707
5.33216895054171491
5.38474598462178644
5.43890961708658782
5.49474128468399670
5.55232839890440300
5.61176492164744367
5.67315201016455273
5.73659874135033743
5.79779388315719135
5.86099015453841776
5.92629905264903911
5.99384097030737273
6.06374612981181560
6.13615563943278275
6.21122269209226818
6.28911392941451197
6.37001099880518851
6.45411233669481099
6.54163521782353108
6.62431886816753757
6.71021918585922084
6.79955029548341994
6.89254682329025048
6.98946649207138293
7.09059312908356087
7.19624016704035707
7.30675473663126329
7.42252247243277008
7.54397318399452210
7.67158758240820848
7.78941607758327770
7.91284607816672736
8.04233595209941932
8.17839835803224524
8.32160880298245154
8.47261590860202851
8.63215380443461555
8.80105718937826609
8.98027976795752458
9.17091699310910613
9.37423435716954678
9.55719461817834492
9.75130349974828015
9.95774126111287217
10.17787084048759461
10.41327589380395224
10.66580898498353136
10.93765329315244017
11.23140255887314964
11.55016600327405740
11.89770799581313554
12.27863694564532437
12.61219626831134910
12.97450560715022227
13.36994743960861243
13.80390039956904147
14.28305068489084029
14.81583135887796310
15.41305664871075543
16.08886254889869605
16.86214543790101317
17.75884368210623876
18.81571599640850323
19.73408942168989455
20.80155670732503026
22.06338271047906119
23.58674825596698099
25.47659989425763882
27.90821690123727805
31.20233506098754361
36.02935309361210869
44.12676542095811527
62.40467012197508723
