3.97698535404798559
4.01139714479397735
4.04636898534405187
4.08191399780544639
4.11804570278562210
4.15477803422968694
4.19212535491235183
4.23010247261796923
4.26872465704403048
4.30800765746555392
4.34796772120006647
4.38862161291519204
4.42998663482344313
4.47208064781139925
4.51492209355336627
4.55853001766275323
4.60292409393748425
4.64812464975950146
4.69415269271195346
4.74102993848177423
4.78877884011965271
4.83742261873394597
4.88698529570002194
4.93749172647188050
4.98896763608843496
5.04143965647305947
5.09493536563149085
5.14948332886014626
5.20511314208465414
5.26185547745628845
5.31974213134298957
5.37880607486093609
5.43908150710283866
5.50060391123019521
5.56341011360839310
5.62753834617652426
5.69302831225749184
5.75992125602890148
5.82826003589154862
5.89808920198952613
5.96945507815533460
6.04240584857349905
6.11699164947886587
6.19326466622975325
6.27127923612251159
6.35109195734265430
6.43276180447879220
6.51635025105966381
6.60192139961127111
6.68954211977156010
6.77928219504408069
6.87121447882002556
6.96541506035064462
7.06196344140948185
7.16094272444681845
7.26243981310788200
7.36654562606188446
7.47335532517225420
7.58296855912988477
7.69548972377178320
7.81102824041815236
7.92969885368338723
8.05162195035104666
8.17692390105179889
8.30573742664818937
8.43820199141224769
8.57446422528417251
8.71467837772456910
8.85900680592164669
9.00762050039218565
9.16069965132319020
9.31843425934534686
9.48102479481327443
9.64868291009677215
9.82163220986717178
10.00010908490197536
10.18436361553414038
10.37466055155187483
10.57128037611873239
10.77452046214497017
10.98469633051349348
11.20214302066293044
11.42721658527517015
11.66029572222700672
11.90178355856967940
12.15210960312672306
12.41173188638249414
12.68113930871287565
12.96085422073194771
13.25143526265067173
13.55348049313055903
13.86763084224591935
14.19457392793393780
14.53504828082269462
14.88984802871452295
15.25982809942142460
15.64591000928967013
16.04908831483669474
16.47043781672758200
16.91112161917100565
17.37240016411392673
17.85564137884945168
18.36233209841604008
18.89409095119236071
19.45268292827439893
20.04003589567700416
20.65825935450281392
21.30966580969134938
21.99679517494274350
22.72244272261105991
23.48969118618871121
24.30194774378547251
25.16298675926656614
26.07699934052685364
27.04865100087468122
28.08314899150682109
29.18632122601509593
30.36470916204194381
31.62567756737616520
32.97754481359996248
34.42973825764043738
35.99298045480636432
37.67951348402454670
39.50337067783051737
41.48070770367885984
43.63020847373657318
45.97358609901863247
48.53620552445305236
51.34786326969464199
54.44377185997307578
57.86581355137333560
61.66415207736640269
65.89932579402825752
70.64499610295425214
75.99159980222852084
82.05126663340415405
88.96453611763486435
96.90967849919380228
106.11585841027978461
116.88209262960359069
129.60515765677229183
144.82170274092152340
163.27361781201648228
186.01284322835044804
214.57587805359332833
251.28753075165593600
299.81847545667369559
366.27716559854565048
461.52839468096789233
606.65747532065574887
847.78688601300666505
1305.20215747669612938
2397.74236758185497820
6781.72567294942382432
