3.04858735157374738
3.06851275910037291
3.08870034304182228
3.10915531220103958
3.12988301428237969
3.15088894055273094
3.17217873069160072
3.19375817783916238
3.21563323385175881
3.23781001477487429
3.26029480654414394
3.28309407092557137
3.30621445170673711
3.32966278115146563
3.35344608673111866
3.37757159814644981
3.40204675465475725
3.42687921271793039
3.45207685398791497
3.47764779364708421
3.50360038912206218
3.52994324919064884
3.55668524350269921
3.58383551253707022
3.61140347801812434
3.63939885381671413
3.66783165736215677
3.69671222159335455
3.72605120747901575
3.75585961713884764
3.78614880759964434
3.81693050522240540
3.84821682083898198
3.88002026563930391
3.91235376785296518
3.94523069027189788
3.97866484866403303
4.01267053113124739
4.04726251846858531
4.08245610558570338
4.11826712405575357
4.15471196586155678
4.19180760841389244
4.22957164092212512
4.26802229220323515
4.30717846002161409
4.34705974205885148
4.38768646862014844
4.42907973719203696
4.47126144897481836
4.51425434752265264
4.55808205963452373
4.60276913865054826
4.64834111032035580
4.69482452142355910
4.74224699133692873
4.79063726675873358
4.84002527981810271
4.89044220981620725
4.94192054886690446
4.99449417172719112
5.04819841013285942
5.10307013198212989
5.15914782574017483
5.21647169047062143
5.27508373193658375
5.33502786525404460
5.39635002462478131
5.45909828072506897
5.52332296638065845
5.58907681121852296
5.65641508605248156
5.72539575783360899
5.79607965607846864
5.86853065177944977
5.94281584990323974
6.01900579669687108
6.09717470314747967
6.17740068608363124
6.25976602856474607
6.34435746138318901
6.43126646770350607
6.52058961308827723
6.61242890341346445
6.70689217346222843
6.80409350930950740
6.90415370797582373
7.00720077824411902
7.11337048700539398
7.22280695603624601
7.33566331472431266
7.45210241495803150
7.57229761519929045
7.69643364167796751
7.82470753570593303
7.95732969732806783
8.09452503693717240
8.23653424811150892
8.38361521682778488
8.53604458440647207
8.69411948411770297
8.85815947438407569
9.02850869504530706
9.20553827730109830
9.38964904284711999
9.58127453351746894
9.78088441963241628
9.98898834345438225
10.20614026396426155
10.43294338094124463
10.67005573050809097
10.91819656145013973
11.17815362243704769
11.45079151566721976
11.73706130355890132
12.03801159339374394
12.35480137216726426
12.68871492276637980
13.04117922617655800
13.41378434692445865
13.80830741595164923
14.22674097401078974
14.67132662944862709
15.14459523039858446
15.64941507141186960
16.18905007387434836
16.76723043365557686
17.38823896823541304
18.05701739009062123
18.77929808569424708
19.56176883926483967
20.41228052792853020
21.34011146101619261
22.35630724487410603
23.47412260711781329
24.70960274433454273
26.08235845235313022
27.61661483190331268
29.34265325889727194
31.29883014282376053
33.53446086731117504
36.11403478018126378
39.12353767852970066
42.68022292203239942
46.94824521423563368
52.16471690470626044
58.68530651779453677
67.06892173462232165
78.24707535705937289
93.89649042847125315
117.37061303558907355
156.49415071411877420
234.74122607117814709
469.48245214235629419
