3.97698535404798204
4.04547858597664423
4.11620602097719246
4.18927327567943308
4.26479248076027861
4.34288277683825541
4.42367085541230232
4.50729154961758116
4.59388848015145435
4.68361476238307173
4.77663378141295603
4.87312004270845378
5.00679463526874269
5.14737290813182646
5.29537180138533081
5.45135897465924213
5.61595899267383913
5.78986041901397286
5.97382397528791032
6.16869195437914453
6.37539911530831915
6.59498533518204333
6.82861035326592702
7.10757779758004027
7.40769581120871035
7.73128822979213393
8.08101586611579314
8.45993797049293761
8.87158737834844047
9.32006298965026936
9.81014436651170918
10.34743479218725248
10.93854128033199480
11.59130301396988294
12.28129250638467163
13.04590818145095454
13.89691307726880609
14.84855787220856627
15.91825543824249323
17.12748291455380567
18.50300469894709110
20.07855570211383522
21.89719696184050335
24.01467368155942594
26.50430216943111716
28.85814430016636578
31.58804021818696128
34.78361109083885339
38.56393226815647779
43.09029348537661974
48.58604812202109713
55.36851871572685013
63.90227507909487770
74.89219272318929654
89.45498461030940973
109.45686542092623483
126.24912002273224232
147.83280035933864838
176.36632916068444388
215.44159821872509042
271.44733863236365323
356.78219425340626003
498.56728634462439231
767.53350286849627082
1409.96897932388810659
3987.85857626784354579
