3.04858735157374472
3.08818712910650328
3.12882921229327859
3.17055530172171540
3.21340935252344995
3.25743772882675087
3.30268937108289862
3.34921597753582123
3.39707220124961262
3.44631586427261194
3.49700819070249347
3.54921406062754485
3.62092664699637368
3.69559692875758339
3.77341173838370381
3.85457398265224116
3.93930440935547299
4.02784361226003096
4.12045431266219975
4.21742396310421874
4.31906772760221447
4.42573190347437606
4.53779786304307642
4.66979228094309029
4.80969559744636310
4.95824059948421070
5.11625348597623564
5.28466924241126979
5.46455015537164268
5.65710824151107960
5.86373259180674555
6.08602293542968997
6.32583113873963576
6.58531291786224937
6.85397564254953728
7.14549214492880047
7.46290804548922626
7.80983529018898714
8.19059020151247275
8.61037398184897640
9.07551172229788250
9.59377330376940840
10.17481090847482506
10.83076576568923954
11.57712576662808246
12.26099466475664990
13.03072891527215660
13.90358341457819691
14.90176820615280562
16.05436479192877286
17.40020631292302156
18.99233896270943589
20.90517942655760564
23.24648196034053882
26.17836129942775258
29.95652019605583760
32.95217221566142030
36.61352468406824556
41.19021526957678248
47.07453173665918200
54.92028702610237900
65.90434443132285480
82.38043053915356495
109.84057405220475800
164.76086107830712990
329.52172215661425980
