3.97698535404798026
4.00882699282355404
4.04114789713564981
4.07395844704187482
4.10726931384546834
4.14109147010932155
4.17543620007777960
4.21031511052544971
4.24574014205325945
4.28172358085313220
4.31827807096376759
4.35541662704125265
4.41141160480034955
4.46875697955583817
4.52749963349837792
4.58768856157754890
4.64937498853376852
4.71261249363737456
4.77745714372492536
4.84396763517444207
4.91220544551808391
4.98223499545319548
5.05412382208142663
5.15195924240995318
5.25332859030761767
5.35841557213068587
5.46741632209267614
5.58054044031001872
5.69801213451882482
5.82007147757670573
5.94697579449353420
6.07900119461398702
6.21644426674595074
6.35962395754328558
6.54395829226997527
6.73817130212119508
6.94302485125169966
7.15935765122982026
7.38809490839521299
7.63025943326066347
7.88698447378275347
8.15952858882657672
8.44929294566057365
8.75784150936116390
9.08692469717775531
9.51329994907820975
9.97623543371613763
10.48026783022175223
11.03068036928565832
11.63365841639168252
12.29648490508175129
13.02778789096021939
13.83785696348861904
14.73905161639317463
15.74633387086041125
16.87797092682515299
19.41439764714121097
22.67755978538999528
26.99504913282221708
32.91200710265891871
41.39806814587857531
54.33508159526338943
75.83963524230613018
116.64805035886161022
214.14581384298668354
605.44089914912422046
