3.04858735157374383
3.06702667058270650
3.08569040667087524
3.10458268184855113
3.12370771969666450
3.14306984851467197
3.16267350458625973
3.18252323556802486
3.20262370400656859
3.22297969098972192
3.24359609993790476
3.26447796054193295
3.29584184326074059
3.32781423722630398
3.36041302510361506
3.39365679719358493
3.42756488678514781
3.46215740764810187
3.49745529381946429
3.53348034184870663
3.57025525568101587
3.60780369437277626
3.64615032285000540
3.69802045431968951
3.75138769252308624
3.80631780211345783
3.86288045684842585
3.92114953442164405
3.98120343838723878
4.04312545012673130
4.10700411418100586
4.17293366069657523
4.24101446922474246
4.31135357867465974
4.40106290853081816
4.49458485896271220
4.59216775985226455
4.69408198587508618
4.80062245822791134
4.91211149495479482
5.02890206789017746
5.15138153554121647
5.27997593507576291
5.41515493361634892
5.55743756010254764
5.73903773015053442
5.93290710381039688
6.14033254344588464
6.36278739563794016
6.60196654118162307
6.85982965909147602
7.13865504168770659
7.44110708997616488
7.77032172609362970
8.13001552857563858
8.52462665058241953
9.37708931564066184
10.41898812848962486
11.72136164455082685
13.39584187948666028
15.62848219273443817
18.75417863128132367
23.44272328910165371
31.25696438546887634
46.88544657820330741
93.77089315640661482
