3.97698535404798070
3.99399199696475016
4.01113494610897448
4.02841576903193310
4.04583605657388468
4.06339742328686349
4.08110150786657666
4.09894997359355617
4.11694450878384810
4.13508682724943988
4.15337866876872219
4.17182179956717381
4.19830026918278953
4.22509326195494417
4.25220613792866864
4.27964437523305286
4.30741357326391672
4.33551945596795907
4.36396787523208207
4.39276481438183097
4.42191639179297358
4.45142886462047738
4.48130863264928880
4.51991683441988990
4.55914568135034859
4.59900947601104271
4.63952294723994374
4.68070126570499845
4.72256006013964225
4.76511543428533191
4.80838398457666738
4.85238281860689913
4.89712957441364960
4.94264244062714830
4.99766840306161519
5.05383196521968348
5.11116679185670275
5.16970783660093947
5.22949140249107014
5.29055520589048456
5.35293844399708973
5.41668186618371106
5.48182784942159618
5.54842047805867544
5.61650562824479849
5.69497429745427830
5.77546495233489487
5.85805202083695065
5.94281347714146868
6.02983104937445891
6.11919044181154348
6.21098157275074136
6.30529882934131969
6.40224134077768614
6.50191327140178199
6.60442413540615547
6.71819482456957839
6.83554771603171307
6.95664356075920320
7.08165245783316166
7.21075452470867795
7.34414062492053610
7.48201315899327390
7.62458692497737633
7.77209005578396184
7.92476504134004500
8.08286984455070368
8.25283818427471694
8.42926669571839149
8.61250468255114043
8.80292598245778635
9.00093110053448697
9.20694956538954834
9.42144253523672326
9.64490568512376001
9.87787241091380075
10.12091739084340070
10.37466055155188727
10.63977149257567234
10.91697443162203385
11.20705374271807564
11.51086017085912871
11.82931782040945912
12.16343203066655398
12.51429827121902782
12.88311221265882978
13.27118115566155865
13.67993703442881603
14.11095125025121888
14.54932293036257818
15.01170704445163828
15.49997879088626540
16.01620551423707894
16.56267133411275339
17.14190559557393101
17.75671584204798137
18.41022616097658471
19.10592193819089601
19.84770228932382352
20.63994172867690580
21.42459607109866226
22.26136207183428084
23.15520132787239405
24.11169938043191507
25.13716438953580123
26.23874479551368921
27.42457031083626262
28.70392174710362454
30.08743670179820739
31.58736013389985331
33.21785152341580272
34.78942849423835071
36.49039983079613592
38.33616137731650753
40.34454662822534488
42.53631561712315801
44.93576405640347815
47.57148819552637775
50.47735320664634884
53.69373025034406766
57.26909206345511905
61.26209254363165257
65.00362802827071107
69.14410646730888743
73.74568331143423450
78.88354263700449565
84.64939765750149547
91.15615969910525962
98.54424997915187134
106.99025921533133499
116.71902376430028880
128.02077382591153309
141.27598103600786317
153.37343551548218556
167.30460863786038317
183.48358292203286624
202.45292639537376544
224.93601633346187896
251.91655166551944944
284.76296636035107213
325.42977218119557392
376.79646020337469281
443.26506997464269944
531.87435384811828953
613.60022064914812745
718.63831738083831624
857.48982940830114785
1047.62998324784553006
1320.14100981852061523
1735.34411508742846308
2425.18704591911455282
3733.78369437544552056
6859.35137683169068623
-nan(ind)
