-0.321512517461368
-0.293024817613341
-0.260270323494182
-0.223602402314627
-0.183433107351743
-0.140222234107243
-0.094465912076329
-0.046685116878200
0.002585552507290
0.052808537797908
0.103453185761156
0.154004629930879
0.203971559568418
0.252892798985708
0.300342665898149
0.345935118224449
0.389326732571106
0.430218584484760
0.468357120890826
0.503534129417372
0.535585917303458
0.564391816963809
0.589872133804881
0.611985649508481
0.630726785884635
0.646122527998777
0.658229194865587
0.667129135801218
0.672927420649630
0.675748581684052
0.675733455059933
0.673036159572085
0.667821244101168
0.660261023877601
0.650533123352230
0.638818231703813
0.625298078771248
0.610153627028824
0.593563479731429
0.575702494835133
0.556740598250009
0.536841784158828
0.516163290923213
0.494854939155054
0.473058621017110
0.450907922533569
0.428527871581140
0.406034792759954
0.383536263352344
0.361131149166079
0.338909718564452
0.316953818605009
0.295337102588068
0.274125305530834
0.253376550586188
0.233141691174525
0.213464666136172
0.194382877619129
0.175927576095519
0.158124249199119
0.140993015162641
0.124549012533709
0.108802782796998
0.093760647417195
0.079425070570876
0.065795018444080
0.052866291765229
0.040631856853192
0.029082151464150
0.018205381861124
0.007987792355921
-0.001586059528320
-0.010533077445828
-0.018871387110277
-0.026620124850398
-0.033799254323606
-0.040429370103380
-0.046531546795768
-0.052127185568461
-0.057237868645835
-0.061885252552361
-0.066090942833316
-0.069876397810889
-0.073262852575485
-0.076271221941107
-0.078922046050728
-0.081235434775609
-0.083230999600657
-0.084927831830475
-0.086344456818622
-0.087498801415949
-0.088408183128941
-0.089089282477703
-0.089558139813903
-0.089830134649512
-0.089919998377953
-0.089841804770316
-0.089608971535581
-0.089234276362916
-0.088729849713966
-0.088107208372797
-0.087377245208392
-0.086550254164667
-0.085635956278333
-0.084643488549167
-0.083581458689840
-0.082457926490585
-0.081280448191059
-0.080056098240828
-0.078791452037454
-0.077492664900417
-0.076165436647120
-0.074815061696809
-0.073446442959906
-0.072064106593441
-0.070672226970570
-0.069274630391780
-0.067874846363031
-0.066476090588949
-0.065081251596965
-0.063693066930488
-0.062313897964696
-0.060945929683495
-0.059591126827513
-0.058251221591039
-0.056927781112522
-0.055622175630633
-0.054335611377057
-0.053069135863826
-0.051823646671966
-0.050599928649806
-0.049398620038829
-0.048220248144011
-0.047065246085731
-0.045933933803639
-0.044826559498720
-0.043743279732105
-0.042684180790287
-0.041649270099660
-0.040638515643874
-0.039651809240501
-0.038689012685719
-0.037749925647939
-0.036834301914737
-0.035941901411539
-0.035072396641359
-0.034225470507520
-0.033400774641168
-0.032597932392173
-0.031816549644768
-0.031056229131579
-0.030316543131136
-0.029597076775904
-0.028897390524810
-0.028217022946729
-0.027555556065609
-0.026912539275878
-0.026287504424879
-0.025679999434262
-0.025089627835278
-0.024515863143209
-0.023958343881960
-0.023416567089811
-0.022890143140220
-0.022378636955771
-0.021881608239450
-0.021398687688285
-0.020929394594411
-0.020473417708198
-0.020030306158592
-0.019599695859114
-0.019181213802767
-0.018774508085638
-0.018379186529490
-0.017994926367823
-0.017621415223845
-0.017258235333262
-0.016905178195026
-0.016561831350502
-0.016227968046175
-0.015903220680533
-0.015587379315130
-0.015280088618711
-0.014981155606531
-0.014690230983105
-0.014407152106534
-0.014131591818922
-0.013863360070431
-0.013602239623902
-0.013347917230455
-0.013100307989227
-0.012859098370875
-0.012624113909544
-0.012395189080891
-0.012172088710651
-0.011954639283474
-0.011742762631812
-0.011536065587752
-0.011334633156306
-0.011138117728370
-0.010946456574590
-0.010759503227110
-0.010577070484905
-0.010399034840590
-0.010225286647509
-0.010055662453853
-0.009890053558566
-0.009728318385148
-0.009570392415196
-0.009416085627368
-0.009265421744361
-0.009118011018113
-0.008974151111737
-0.008833491264602
-0.008695843159950
-0.008561451050218
-0.008429880111414
-0.008301319691091
-0.008175442647026
-0.008052247250498
-0.007931963723102
-0.007814010532368
-0.007698644841431
-0.007585706172144
-0.007475060605518
-0.007366845650973
-0.007260695117472
-0.007156928627122
-0.007055075621633
-0.006955340906872
-0.006857724445645
-0.006761957420643
-0.006668056840754
-0.006576099911156
-0.006485849969570
-0.006397415120210
-0.006310719726056
-0.006225625472032
-0.006142140152589
-0.006060292150984
-0.005979978620671
-0.005901147569375
-0.005823786061846
-0.005747868376107
-0.005673386059678
-0.005600144690758
-0.005528390578631
-0.005457745357484
-0.005388562807216
-0.005320495015468
-0.005253663035774
-0.005188021821898
-0.005123496755507
-0.005060125892770
-0.004997929922803
-0.004936562577575
-0.004876512601019
-0.004817418123807
-0.004759272420754
-0.004702055704188
-0.004645912767158
-0.004590699716681
-0.004536230403062
-0.004482923172530
-0.004430315654922
-0.004378792439228
-0.004327559422215
-0.004277821258357
