0.230726230767966
0.240317365377127
0.248810090265855
0.256144605792929
0.262277638067067
0.267181981371718
0.270845774892117
0.273271562674482
0.274475185002735
0.274484545951299
0.273338298547928
0.271084485355349
0.267779166595714
0.263485064298793
0.258270246216746
0.252206868040262
0.245369989115202
0.237836473401434
0.229683982284635
0.220990065307722
0.211831349597047
0.202282829607157
0.192417254266921
0.182304606529537
0.172011677898887
0.161601719086843
0.151134178640161
0.140664506295840
0.130244024990652
0.119919862322920
0.109734932984901
0.099727967392658
0.089933579309584
0.080382371085230
0.071101060558597
0.062112638932225
0.053436540666382
0.045088832433697
0.037082409514575
0.029427201863605
0.022130382036003
0.015196574430457
0.008628065717783
0.002425010547036
-0.003414366416427
-0.008893577569486
-0.014017683293085
-0.018793107100528
-0.023227473371131
-0.027329438323733
-0.031108539548883
-0.034575057186915
-0.037739872259296
-0.040614359771688
-0.043210254144929
-0.045539568838064
-0.047614483953291
-0.049447271540972
-0.051050213382725
-0.052435536939283
-0.053615347544083
-0.054601587544912
-0.055405970285237
-0.056039959771701
-0.056514723459545
-0.056841104531548
-0.057029607078929
-0.057090361395948
-0.057033129685164
-0.056867266375743
-0.056601743651591
-0.056245122786621
-0.055805558426069
-0.055290801048208
-0.054708204492400
-0.054064725555552
-0.053366918862776
-0.052620988035328
-0.051832713623798
-0.051007568052305
-0.050150643333249
-0.049266676098685
-0.048360124420380
-0.047435092331299
-0.046495385145390
-0.045544537529362
-0.044585793244480
-0.043622152683215
-0.042656340794293
-0.041690866201651
-0.040728017318842
-0.039769850244467
-0.038818240693424
-0.037874880653784
-0.036941269977347
-0.036018764728751
-0.035108541730057
-0.034211661296855
-0.033329034571318
-0.032461472190599
-0.031609607969353
-0.030774056805202
-0.029955279831301
-0.029153638157013
-0.028369471436689
-0.027602951062392
-0.026854300201198
-0.026123541781493
-0.025410758881143
-0.024715902030873
-0.024038932013508
-0.023379699310999
-0.022738135972847
-0.022113957902560
-0.021507056909680
-0.020917120332194
-0.020343949760483
-0.019787213008806
-0.019246652010129
-0.018721953962475
-0.018212772828124
-0.017718793397537
-0.017239670536352
-0.016775062576182
-0.016324628963223
-0.015887981705250
-0.015464788383688
-0.015054707848181
-0.014657347824791
-0.014272372835949
-0.013899441695652
-0.013538178897199
-0.013188316195094
-0.012849349601132
-0.012521144317921
-0.012203279675834
-0.011895349477974
-0.011597211368660
-0.011308429784136
-0.011028746409282
-0.010757827111734
-0.010495434458579
-0.010241331008200
-0.009995051090858
-0.009756598517654
-0.009525499219373
-0.009301534180815
-0.009084579762621
-0.008874289865486
-0.008670512617685
-0.008472914754265
-0.008281370492852
-0.008095648448932
-0.007915535591838
-0.007740858384281
-0.007571470873612
-0.007407078666664
-0.007247548405019
-0.007092741659480
-0.006942559220510
-0.006796639204598
-0.006655058115062
-0.006517524711704
-0.006383899143849
-0.006254145526549
-0.006128061582307
-0.006005519179659
-0.005886419607695
-0.005770576546922
-0.005658080257068
-0.005548387541181
-0.005441994814642
-0.005338368637885
-0.005237399062682
-0.005139326606865
-0.005043734160783
-0.004950763528980
-0.004860049176455
-0.004771860069869
-0.004685815508047
-0.004602038653785
-0.004520420452089
-0.004440803778517
-0.004363155178509
-0.004287432260041
-0.004213724629913
-0.004141689639504
-0.004071299494287
-0.004002994875291
-0.003935882080701
-0.003870641973529
-0.003806657966333
-0.003744487721245
-0.003683638130369
-0.003624369424854
-0.003565940081809
-0.003509273255670
-0.003453978248304
-0.003399737836273
-0.003346431973300
-0.003294859008670
-0.003243824307834
-0.003194554426364
-0.003145752526095
-0.003098571635358
-0.003051626434448
-0.003006502829448
-0.002961771988399
-0.002918186166545
-0.002875510874202
-0.002833581773407
-0.002792808180804
-0.002752475344067
-0.002713412930857
-0.002674422340634
-0.002637063320821
-0.002599921212017
-0.002563418616532
-0.002528167496678
-0.002493104708976
-0.002458957251338
-0.002425400086719
-0.002392412925802
-0.002360063483659
-0.002328293130180
-0.002297621390575
-0.002266692634675
-0.002236779908110
-0.002207603177683
-0.002178620928930
-0.002150314107979
-0.002122241987051
-0.002095121664281
-0.002068437306701
-0.002041953859471
-0.002015923581629
-0.001990481755582
-0.001965972977882
-0.001940528107490
-0.001917330971429
-0.001892787499552
-0.001870086520644
-0.001846906776675
-0.001824311785524
-0.001802272978392
-0.001780584290382
-0.001759028552756
-0.001737692173558
-0.001717539239578
-0.001696964352750
-0.001676764381443
-0.001657097817360
-0.001637496350903
-0.001618760779126
-0.001600062428998
-0.001581405650191
-0.001562964081907
-0.001545420796992
-0.001527537363605
-0.001510189091266
-0.001493676084872
-0.001476353077308
-0.001459182123756
-0.001444560977368
-0.001426633222607
-0.001412598337408
-0.001395283380881
-0.001381746713179
