-0.006010138476548
-0.003990935055808
-0.001953472047178
0.000084472492827
0.002106220086228
0.004096342182727
0.006040770256190
0.007926868915627
0.009743475644709
0.011480911075893
0.013130963786331
0.014686853523059
0.016143176666393
0.017495837407091
0.018741968010132
0.019879841045398
0.020908776242355
0.021829044336844
0.022641769771656
0.023348834177931
0.023952781684457
0.024456727581729
0.024864270961307
0.025179412123406
0.025406475240822
0.025550036564969
0.025614858558418
0.025605829602797
0.025527909835973
0.025386082322136
0.025185310225790
0.024930498645135
0.024626462234820
0.024277896838690
0.023889355901144
0.023465231162881
0.023009736450506
0.022526895659275
0.022020533420089
0.021494268523393
0.020951509922394
0.020395455350665
0.019829091062229
0.019255193740989
0.018676334316403
0.018094881851914
0.017513009435192
0.016932700934332
0.016355757372016
0.015783805281799
0.015218304489673
0.014660556251180
0.014111712179488
0.013572782590864
0.013044645047383
0.012528053038341
0.012023644419650
0.011531949370469
0.011053398759211
0.010588331581490
0.010137002578750
0.009699589730750
0.009276199933454
0.008866877223226
0.008471607915531
0.008090326049727
0.007722920130456
0.007369237258780
0.007029088387540
0.006702252747064
0.006388482382666
0.006087505422165
0.005799029248823
0.005522746807431
0.005258333710473
0.005005458842503
0.004763779032852
0.004532947846875
0.004312612388690
0.004102419958088
0.003902016015838
0.003711046165078
0.003529162227141
0.003356014208528
0.003191261856857
0.003034566159924
0.002885597598322
0.002744031939535
0.002609552194233
0.002481851508926
0.002360628330242
0.002245591777388
0.002136458826190
0.002032957443755
0.001934821234320
0.001841796079878
0.001753636797346
0.001670103324389
0.001590972398479
0.001516020889087
0.001445041533442
0.001377832613028
0.001314199621609
0.001253960736590
0.001196937892408
0.001142962351331
0.001091875708352
0.001043522287406
0.000997756441277
0.000954440504770
0.000913440770179
0.000874631440257
0.000837894539672
0.000803114143295
0.000770183131429
0.000739001239434
0.000709466917890
0.000681492897212
0.000654990490102
0.000629875607095
0.000606071948396
0.000583504831371
0.000562106367935
0.000541806616301
0.000522546423568
0.000504266419560
0.000486908596114
0.000470427080908
0.000454760381794
0.000439875973770
0.000425718405353
0.000412250534949
0.000399435408789
0.000387232864508
0.000375607748558
0.000364530655736
0.000353968550877
0.000343889622928
0.000334272702576
0.000325087679536
0.000316310843260
0.000307921038503
0.000299896144378
0.000292212410201
0.000284857581799
0.000277807052363
0.000271051884434
0.000264571495769
0.000258341932254
0.000252369822406
0.000246627179885
0.000241099576649
0.000235789803468
0.000230670975246
0.000225742505318
0.000220998335997
0.000216407698171
0.000211991035163
0.000207731105382
0.000203595196525
0.000199615839171
0.000195758172434
0.000192032820965
0.000188419993438
0.000184917169229
0.000181527415975
0.000178247396274
0.000175049732856
0.000171958842715
0.000168946120685
0.000166030535278
0.000163187739138
0.000160430340003
0.000157746960284
0.000155120041761
0.000152591221343
0.000150104276270
0.000147692674601
0.000145334614056
0.000143037045768
0.000140798967628
0.000138617809378
0.000136484177938
0.000134399512468
0.000132356466342
0.000130380109197
0.000128440715442
0.000126531293798
0.000124674617698
0.000122859158326
0.000121092231916
0.000119334224225
0.000117646476545
0.000115978330734
0.000114344321373
0.000112735612288
0.000111179487518
0.000109646329065
0.000108134642374
0.000106668163749
0.000105209108957
0.000103801250788
0.000102406685919
0.000101037412719
0.000099700967895
0.000098411926433
0.000097077511037
0.000095841025866
0.000094591334293
0.000093357763039
0.000092184990161
0.000090996077977
0.000089832781990
0.000088701366180
0.000087593038871
0.000086484039168
0.000085424904048
0.000084341952949
0.000083316674705
0.000082289507373
0.000081276573372
0.000080303100073
0.000079314764954
0.000078372749746
0.000077400833901
0.000076517413190
0.000075571007275
0.000074705043610
0.000073809680883
0.000072914579274
0.000072110721444
0.000071233298848
0.000070412587956
0.000069629668871
0.000068787666691
0.000068018738212
0.000067237280059
0.000066469927845
0.000065731837256
0.000064977221773
0.000064253892012
0.000063524875594
0.000062814705614
0.000062151285278
0.000061398121680
0.000060802239765
0.000060064125488
0.000059440565723
0.000058805513261
0.000058135845870
0.000057514174935
0.000056916739183
0.000056285636910
0.000055704690613
0.000055079344776
0.000054510184378
0.000053930760602
0.000053391001047
0.000052794491647
0.000052235877877
0.000051726852131
0.000051158833155
0.000050642427620
0.000050136205989
0.000049598918319
0.000049089960142
0.000048583039861
0.000048128404744
