0.030388855962695
0.034410028757871
0.038331062114518
0.042121622615448
0.045754413677352
0.049205341841273
0.052453606468159
0.055481721075251
0.058275474961245
0.060823843854382
0.063118858419656
0.065155438805635
0.066931202757752
0.068446255144136
0.069702964111204
0.070705730721926
0.071460756094612
0.071975810637065
0.072260008661463
0.072323591391436
0.072177720146734
0.071834282211098
0.071305709446485
0.070604811646505
0.069744624212158
0.068738270501694
0.067598839164267
0.066339275466958
0.064972286184938
0.063510258556411
0.061965190541450
0.060348633503277
0.058671645581082
0.056944754389808
0.055177930209993
0.053380565408573
0.051561462938158
0.049728830677576
0.047890281933234
0.046052839513354
0.044222946913889
0.042406480562371
0.040608766718334
0.038834599585989
0.037088264741066
0.035373558105124
0.033693813547610
0.032051925266717
0.030450373534990
0.028891250599382
0.027376286459924
0.025906872490293
0.024484087963675
0.023108723999090
0.021781306315416
0.020502118817837
0.019271225344570
0.018088490355840
0.016953598781921
0.015866076052669
0.014825304152513
0.013830541319830
0.012880933829162
0.011975533354661
0.011113313642771
0.010293174115049
0.009513962498326
0.008774477726918
0.008073485844638
0.007409722131712
0.006781906234628
0.006188743299357
0.005628941798942
0.005101200109530
0.004604237056475
0.004136770236704
0.003697544001705
0.003285315553949
0.002898871195107
0.002537015910717
0.002198588703687
0.001882455354841
0.001587515559256
0.001312700364789
0.001056973362886
0.000819336091681
0.000598826247256
0.000394504794577
0.000205493167282
0.000030913038215
-0.000130039026845
-0.000278170139861
-0.000414223221184
-0.000538923919419
-0.000652960354091
-0.000756991034937
-0.000851631485042
-0.000937490686007
-0.001015116668663
-0.001085062956685
-0.001147820755190
-0.001203880552057
-0.001253705576028
-0.001297699181702
-0.001336308353828
-0.001369876651622
-0.001398803617910
-0.001423392985942
-0.001444002710954
-0.001460908505241
-0.001474403696665
-0.001484760184411
-0.001492214795214
-0.001497018046257
-0.001499378674013
-0.001499506550126
-0.001497590826883
-0.001493811611329
-0.001488343186810
-0.001481333221972
-0.001472925088137
-0.001463284285119
-0.001452477401239
-0.001440682972663
-0.001427975950509
-0.001414466481048
-0.001400253883112
-0.001385401594731
-0.001370020918994
-0.001354163604081
-0.001337911011547
-0.001321314446522
-0.001304444271185
-0.001287343453884
-0.001270050996847
-0.001252648866443
-0.001235139905071
-0.001217568500520
-0.001199994424602
-0.001182412071909
-0.001164880395984
-0.001147398636704
-0.001129996472589
-0.001112735559970
-0.001095561614867
-0.001078552469716
-0.001061667253376
-0.001044984168106
-0.001028475337167
-0.001012153018467
-0.000996019388260
-0.000980105591290
-0.000964402845391
-0.000948910427759
-0.000933664742251
-0.000918615945877
-0.000903812665780
-0.000889236143699
-0.000874904233402
-0.000860797261974
-0.000846935700092
-0.000833280497840
-0.000819894759124
-0.000806722108847
-0.000793790081356
-0.000781088602012
-0.000768594399810
-0.000756371376017
-0.000744330902763
-0.000732520204895
-0.000720959945176
-0.000709571824410
-0.000698433584700
-0.000687491916080
-0.000676728674626
-0.000666211388797
-0.000655903039819
-0.000645712459545
-0.000635823121939
-0.000626052023812
-0.000616495272336
-0.000607097184704
-0.000597902684842
-0.000588899567117
-0.000580034166702
-0.000571302355200
-0.000562885709259
-0.000554459977294
-0.000546299701483
-0.000538246717115
-0.000530403699098
-0.000522588338077
-0.000515107903823
-0.000507578041046
-0.000500329707079
-0.000493160067245
-0.000486115091464
-0.000479191675984
-0.000472502727831
-0.000465773500297
-0.000459350621041
-0.000452880094662
-0.000446610423771
-0.000440451396415
-0.000434468510442
-0.000428423378323
-0.000422656801702
-0.000416893045602
-0.000411293240077
-0.000405819417274
-0.000400307689384
-0.000395069123458
-0.000389792991575
-0.000384651053559
-0.000379662777339
-0.000374565880147
-0.000369905466372
-0.000364977329665
-0.000360314556098
-0.000355668134544
-0.000351192997051
-0.000346647788356
-0.000342333711222
-0.000337974924134
-0.000333725685823
-0.000329655363672
-0.000325453054252
-0.000321518114446
-0.000317447698932
-0.000313636391421
-0.000309819021869
-0.000305953261408
-0.000302325919920
-0.000298676044521
-0.000295092214589
-0.000291515029205
-0.000288166853390
-0.000284661884840
-0.000281243671893
-0.000278090850508
-0.000274751065351
-0.000271458240512
-0.000268474541833
-0.000265254775033
-0.000262242089539
-0.000259307014915
-0.000256235919685
-0.000253337625170
-0.000250542026014
-0.000247642742889
-0.000244875433375
-0.000242261460751
-0.000239214826180
-0.000236922707561
-0.000234119883046
-0.000231693199384
-0.000229036725984
-0.000226472320041
-0.000224010892599
-0.000221813146851
-0.000219130210355
-0.000216964529059
-0.000214573313661
-0.000212226066333
-0.000209992716088
-0.000207864753863
-0.000205564190497
-0.000203406579457
