-0.017561271640760
-0.016482981904766
-0.015361460926230
-0.014208442381367
-0.013035159198991
-0.011852223596938
-0.010669533231827
-0.009496201776044
-0.008340511807598
-0.007209887764756
-0.006110886497435
-0.005049203060928
-0.004029689330124
-0.003056383233922
-0.002132546441477
-0.001260708658072
-0.000442716702557
0.000320213120667
0.001027440693885
0.001678847031099
0.002274779378425
0.002815997361839
0.003303620804730
0.003739079771315
0.004124067105590
0.004460494027016
0.004750448665265
0.004996157855072
0.005199952189642
0.005364234269202
0.005491450202978
0.005584064074171
0.005644535557957
0.005675300164128
0.005678752264456
0.005657230536792
0.005613005798157
0.005548270886684
0.005465132459878
0.005365604741091
0.005251604595532
0.005124948273232
0.004987349366997
0.004840417617241
0.004685659291429
0.004524477730007
0.004358175233596
0.004187954899282
0.004014923885484
0.003840096083236
0.003664395847796
0.003488661879349
0.003313650758236
0.003140041662261
0.002968439891070
0.002799381630560
0.002633337942153
0.002470718695739
0.002311877323454
0.002157114220962
0.002006680823826
0.001860783926769
0.001719588290711
0.001583221212559
0.001451775218533
0.001325311275316
0.001203862281451
0.001087435126121
0.000976014300829
0.000869563305867
0.000768028415065
0.000671339060549
0.000579411675102
0.000492150374297
0.000409449043616
0.000331193174145
0.000257261061658
0.000187524566237
0.000121852539649
0.000060108378181
0.000002154754309
-0.000052148639426
-0.000102941444185
-0.000150364741678
-0.000194557791004
-0.000235659563290
-0.000273806672804
-0.000309134222890
-0.000341774134580
-0.000371856248202
-0.000399506700779
-0.000424848797589
-0.000448002067799
-0.000469082156035
-0.000488202063662
-0.000505469751684
-0.000520988952379
-0.000534862183862
-0.000547184201747
-0.000558048847674
-0.000567545053664
-0.000575757200748
-0.000582767662162
-0.000588652985786
-0.000593487940284
-0.000597342556436
-0.000600283997073
-0.000602375770242
-0.000603678522502
-0.000604249314436
-0.000604141761265
-0.000603408926828
-0.000602096588742
-0.000600252964492
-0.000597919637563
-0.000595137940977
-0.000591945876682
-0.000588379246820
-0.000584471916393
-0.000580256160496
-0.000575760544309
-0.000571014152376
-0.000566041728068
-0.000560868774303
-0.000555516851415
-0.000550009090836
-0.000544362875453
-0.000538597365127
-0.000532731198839
-0.000526777893610
-0.000520753578858
-0.000514672791430
-0.000508544001564
-0.000502384125994
-0.000496201256526
-0.000490003866944
-0.000483805405512
-0.000477609139067
-0.000471425758533
-0.000465263278865
-0.000459123876603
-0.000453017009287
-0.000446946849874
-0.000440918119796
-0.000434935622411
-0.000429001729152
-0.000423120430221
-0.000417296758820
-0.000411531333921
-0.000405827946882
-0.000400186433467
-0.000394610816862
-0.000389102995889
-0.000383661027805
-0.000378291548619
-0.000372990385210
-0.000367758422866
-0.000362602641555
-0.000357514039173
-0.000352501044905
-0.000347559086622
-0.000342689065240
-0.000337888386488
-0.000333166981921
-0.000328511350041
-0.000323933698733
-0.000319416163918
-0.000314974926988
-0.000310607734062
-0.000306305705372
-0.000302068630471
-0.000297906016425
-0.000293804618986
-0.000289776401790
-0.000285808711582
-0.000281905603280
-0.000278063711080
-0.000274293471995
-0.000270578965336
-0.000266924497288
-0.000263338051843
-0.000259798742697
-0.000256325226618
-0.000252908923008
-0.000249550176653
-0.000246247177118
-0.000242990510188
-0.000239795146948
-0.000236653507538
-0.000233564959040
-0.000230519016358
-0.000227529801333
-0.000224588024211
-0.000221694761505
-0.000218851210753
-0.000216051455848
-0.000213296921219
-0.000210588527153
-0.000207926575949
-0.000205304473658
-0.000202726613415
-0.000200195525670
-0.000197688347407
-0.000195242397175
-0.000192828202837
-0.000190442852538
-0.000188112891237
-0.000185803585010
-0.000183543221447
-0.000181314914784
-0.000179116985737
-0.000176966010447
-0.000174828707061
-0.000172749705998
-0.000170685380049
-0.000168655494664
-0.000166663439008
-0.000164696288416
-0.000162767027023
-0.000160859109949
-0.000158983365499
-0.000157140284325
-0.000155317019022
-0.000153529969086
-0.000151772432841
-0.000150019494695
-0.000148324205272
-0.000146633286667
-0.000144968891110
-0.000143345059780
-0.000141719756976
-0.000140148184150
-0.000138571951926
-0.000137035280197
-0.000135526935673
-0.000134016018172
-0.000132551718781
-0.000131094365289
-0.000129664471960
-0.000128261588535
-0.000126856056089
-0.000125493478044
-0.000124145261740
-0.000122802816139
-0.000121504218378
-0.000120199273258
-0.000118925526719
-0.000117657112434
-0.000116434508367
-0.000115215319445
-0.000113976900122
-0.000112811762934
-0.000111639630650
-0.000110468237865
-0.000109346518894
-0.000108199533661
-0.000107098987241
-0.000106001667395
-0.000104927064952
-0.000103861311468
-0.000102792980316
-0.000101786571577
-0.000100731102073
-0.000099736263675
-0.000098738040495
-0.000097750652989
-0.000096790994114
-0.000095815481010
