-0.020619178869797
-0.019981439040552
-0.019296940698258
-0.018574381460082
-0.017822183579075
-0.017048394651508
-0.016260607917804
-0.015465901046079
-0.014670791944969
-0.013881209978308
-0.013102480850064
-0.012339323377378
-0.011595856411850
-0.010875614245706
-0.010181568899167
-0.009516157864868
-0.008881315979748
-0.008278510246102
-0.007708776576988
-0.007172757571841
-0.006670740552739
-0.006202695242853
-0.005768310540390
-0.005367029992706
-0.004998085644217
-0.004660529977259
-0.004353265845321
-0.004075074194698
-0.003824639616431
-0.003600573641622
-0.003401435812438
-0.003225752637308
-0.003072034383873
-0.002938790003080
-0.002824540015799
-0.002727827735086
-0.002647228853718
-0.002581359357483
-0.002528882217356
-0.002488512682514
-0.002459022503791
-0.002439242952749
-0.002428067146173
-0.002424451326581
-0.002427415565334
-0.002436043733982
-0.002449482947660
-0.002466942669585
-0.002487693132095
-0.002511063785627
-0.002536441169068
-0.002563266748788
-0.002591034628076
-0.002619288771774
-0.002647620805112
-0.002675667137529
-0.002703106180333
-0.002729656149845
-0.002755072005505
-0.002779143035593
-0.002801690487508
-0.002822564694641
-0.002841643479963
-0.002858828866080
-0.002874045885087
-0.002887239907583
-0.002898374875890
-0.002907431485156
-0.002914405319771
-0.002919305346829
-0.002922152343197
-0.002922977260643
-0.002921820422548
-0.002918729519325
-0.002913759434311
-0.002906970037203
-0.002898426277024
-0.002888197070055
-0.002876353665797
-0.002862970059767
-0.002848121796146
-0.002831885556440
-0.002814337881110
-0.002795556158305
-0.002775616997171
-0.002754596134564
-0.002732568316998
-0.002709607446125
-0.002685784635865
-0.002661170599459
-0.002635833088259
-0.002609838164814
-0.002583249771313
-0.002556128910458
-0.002528535412422
-0.002500525229756
-0.002472153130298
-0.002443470602893
-0.002414527098325
-0.002385369462611
-0.002356042397472
-0.002326587588888
-0.002297045184602
-0.002267452476350
-0.002237844657667
-0.002208255065159
-0.002178714577613
-0.002149251769694
-0.002119894076972
-0.002090666337522
-0.002061592153798
-0.002032692529589
-0.002003986947071
-0.001975495358241
-0.001947232273749
-0.001919214428894
-0.001891454970175
-0.001863966852499
-0.001836761143245
-0.001809847735236
-0.001783236198223
-0.001756934447522
-0.001730948662163
-0.001705285751054
-0.001679950383577
-0.001654947285803
-0.001630279605334
-0.001605950601870
-0.001581961913552
-0.001558316131796
-0.001535012875931
-0.001512054517507
-0.001489438333881
-0.001467165679313
-0.001445236364341
-0.001423646921298
-0.001402396301589
-0.001381484737227
-0.001360906561123
-0.001340660901601
-0.001320746235081
-0.001301155853770
-0.001281891152265
-0.001262944210781
-0.001244314898774
-0.001225998183052
-0.001207988886567
-0.001190285864017
-0.001172882988723
-0.001155776566940
-0.001138962960455
-0.001122436652322
-0.001106195547876
-0.001090232694527
-0.001074545639328
-0.001059130232333
-0.001043978861763
-0.001029092375631
-0.001014461301256
-0.001000086021392
-0.000985957532777
-0.000972073680576
-0.000958432299200
-0.000945026218040
-0.000931851784247
-0.000918904283103
-0.000906182221737
-0.000893679628766
-0.000881390962275
-0.000869315623911
-0.000857445993741
-0.000845782883535
-0.000834316420830
-0.000823049017225
-0.000811974395520
-0.000801084761118
-0.000790382717643
-0.000779863943576
-0.000769521273636
-0.000759353401568
-0.000749358857278
-0.000739530702875
-0.000729865892203
-0.000720367040357
-0.000711024698996
-0.000701838303804
-0.000692801612816
-0.000683917706978
-0.000675180606742
-0.000666587637041
-0.000658133229576
-0.000649818653624
-0.000641638838284
-0.000633595919793
-0.000625678310363
-0.000617891717723
-0.000610231629282
-0.000602693698566
-0.000595270588036
-0.000587980938255
-0.000580791797710
-0.000573723270136
-0.000566768148680
-0.000559922228401
-0.000553181449221
-0.000546545920421
-0.000540020044216
-0.000533586464392
-0.000527262751074
-0.000521031177410
-0.000514895596834
-0.000508852980943
-0.000502906492863
-0.000497053456873
-0.000491282464732
-0.000485599914358
-0.000480010035334
-0.000474496359971
-0.000469070454450
-0.000463724840903
-0.000458454334485
-0.000453272925386
-0.000448157563181
-0.000443121195435
-0.000438163241831
-0.000433268255754
-0.000428455846898
-0.000423706824172
-0.000419031990431
-0.000414417888796
-0.000409876026632
-0.000405393857944
-0.000400982358806
-0.000396631595883
-0.000392346596185
-0.000388107871982
-0.000383945022107
-0.000379832427633
-0.000375791313028
-0.000371781367203
-0.000367852790833
-0.000363963380358
-0.000360132410865
-0.000356354838602
-0.000352634333132
-0.000348948328288
-0.000345338564590
-0.000341758967057
-0.000338226392829
-0.000334758188679
-0.000331318361292
-0.000327938972834
-0.000324600843565
-0.000321300324771
-0.000318055881585
-0.000314847282862
-0.000311677891902
-0.000308560105672
-0.000305477437721
-0.000302439290324
-0.000299432749470
-0.000296473755526
-0.000293548695852
-0.000290664101219
-0.000287822065328
-0.000284989237912
-0.000282242824674
-0.000279483335459
