38.94304660093276027
39.29430981490699537
39.65093312040926321
40.01303157426741564
40.38072342792897018
40.75413023654276401
41.13337697246971914
41.51859214343168958
41.90990791551827499
42.30746024128380611
42.71138899317873694
43.12183810257373295
43.74080504622864396
44.37483928285743673
45.02445874324142494
45.69020447319199718
46.37264190699738720
47.07236222461843766
47.78998379905323901
48.52615374085416988
49.28154954740051608
50.05688086521078617
50.85289137433000661
51.93633583641464924
53.05905028529168987
54.22305485142551618
55.43050525701966080
56.68370410740541843
57.98511331074062980
59.33736775814197273
60.74329041418656061
62.20590898825802384
63.72847438094750316
65.31448112721028565
67.35615417014923878
69.50694266485253081
71.77518354234004505
74.17005091564293195
76.70166117106963100
79.38119401378051521
82.22103232914129478
85.23492431720421791
88.43817209571093940
91.84785188567190062
95.48307204300158446
100.19094058281412174
105.29989363691491633
110.85943527215403037
116.92721172953460496
123.57071017515647782
130.86939279739738140
138.91740025690299376
147.82700724231338540
157.73308233346634211
168.79890469673003395
181.22383724740620892
209.05062972033198321
244.81604852013160212
292.09617658668139484
356.84205657472006123
449.63850446292065044
591.02748191884859352
825.94293263647705317
1271.57074401584645784
2335.95692921397358077
6606.96906775801926415
