15.00000030590228839
15.09072750472514457
15.18255890554995347
15.27551478995262357
15.36961593926822367
15.46488365007962607
15.56133975028578575
15.65900661577509290
15.75790718773058785
15.85806499059512475
15.95950415072603334
16.06224941577036347
16.21656949786791202
16.37388364503063087
16.53427984554602048
16.69784956949094124
16.86468794267498339
17.03489393111693673
17.20857053680606441
17.38582500556184129
17.56676904787357074
17.75151907367545689
17.94019644209392439
18.19541366180416375
18.45799711343558158
18.72827037958735374
19.00657627687095186
19.29327830657389953
19.58876223862837307
19.89343784339823529
20.20774078763242798
20.53213471303234172
20.86711351828829564
21.21320386820757520
21.65460174207529320
22.11475889793399574
22.59489719623091020
23.09634696467168524
23.62055930749938071
24.16912012998809445
24.74376616361836057
25.34640333302206372
25.97912787390155032
26.64425069493983500
27.34432558035055649
28.23785503912283446
29.19175280514939530
30.21235064249791691
31.30689787572964278
32.48373384681265463
33.75250078751783178
35.12440860642213636
36.61256698722289116
38.23240564459981528
40.00221130376063883
41.94382106205034688
46.13820316825537304
51.26467018695041133
57.67275396031921275
65.91171881179337788
76.89700528042561700
92.27640633651073188
115.34550792063842550
153.79401056085123400
230.69101584127685101
461.38203168255370201
