21.34447149235516861
21.49787601200755915
21.65316469532733379
21.81037000385012803
21.96952512127344193
22.13066397319423118
22.29382124748737226
22.45903241534879413
22.62633375302867478
22.79576236428090397
22.96735620355606855
23.14115409996663431
23.40690612250163127
23.67787778574501445
23.95421335734273782
24.23606227011928382
24.52357934994805788
24.81692505559810513
25.11626573128896212
25.42177387273714828
25.73362840753256364
26.05201499074265570
26.37712631670683550
26.82926880597707253
27.29467811723936066
27.77390442471778087
28.26752758031054213
28.77615909409060180
29.30044427290835785
29.84106453183967389
30.39873989480000205
30.97423170241423307
31.56834554721801567
32.18193445849863110
32.99798143669752903
33.84951883087071423
34.73874186849608492
35.66802346658313638
36.63993213225234058
37.65725203412453936
38.72300555404380873
39.84047867964320488
41.01324965882253792
42.24522140936383607
43.54065826317254562
45.30883825695104861
47.20097575183059746
49.22957278823160721
51.40880047043725654
53.75477961538452121
56.28591892728694290
59.02332474582667032
61.99130043413069302
65.21795882065143246
68.73597829002785886
72.58354285239727233
83.70426526562052061
97.99893527102859991
116.89738568624551363
142.77905184799740823
179.87614127039614687
236.40214889586079039
330.32354234727159792
508.49632123587650767
934.07549702097981026
2641.80853803359923404
