10.00004539889921418
10.04870498639344945
10.09784043835520251
10.14745876963114490
10.19756713362578715
10.24817282573945931
10.29928328690918171
10.35090610725600691
10.40304902984260593
10.45571995454501746
10.50892694204259037
10.56267821793038664
10.64460111206536830
10.72780470790096174
10.81231927387082692
10.89817603981190963
10.98540723544076769
11.07404613069265054
11.16412707802936843
11.25568555682901817
11.34875821997803236
11.44338294279410917
11.53959887441720333
11.67273802999364740
11.80898525506484020
11.94845066955836366
12.09124965768740623
12.23750318632991529
12.38733814679697964
12.54088772201995461
12.69829178138955506
12.85969730570730363
13.02525884496306752
13.19513901193560379
13.41937686820714681
13.65136786600398722
13.89152118248743584
14.14027530320155712
14.39810069403149662
14.66550277090405885
14.94302520667082668
15.23125362069999689
15.53081970386634580
15.84240584008537667
16.16675029555253218
16.60424933966793404
17.06608589490096506
17.55434885944439927
18.07137322692310022
18.61977742715579964
19.20250767868434494
19.82289093879462882
20.48469846028165264
21.19222251939422108
21.95036961333157777
22.76477440467662916
25.04125184514429137
27.82361316127143525
31.30156480643036687
35.77321692163469891
41.73541974190715109
50.08250369028858273
62.60312961286073374
83.47083948381431640
125.20625922572146749
250.41251845144293497
