3.97698535404797671
4.02813581411227961
4.08052789802146343
4.13420513634865028
4.18921304411703321
4.24559923207662404
4.30341352539965882
4.36270809036932850
4.42353756968756073
4.48595922708348471
4.55003310196593258
4.61582217493119806
4.72971769807792253
4.84891337788547183
4.97376675634818444
5.10466693913544134
5.24203805201872797
5.38634315182749290
5.53808866217171047
5.69782941672409926
5.86617440797414691
6.04379335764166203
6.23142424711529230
6.47750271477453676
6.74171863348368472
7.02601230823647249
7.33259785379414808
7.66401171979946838
8.02317169799883523
8.41344911494387659
8.83875773283006794
9.30366398844775055
9.81352471181170571
10.37466055155188904
10.99457624441340364
11.68224297725212146
12.44846397390099746
13.30635298101686814
14.27196791873888948
15.36516083624038664
16.61073412358786072
18.04003779845543676
19.69321411053498494
21.62241221068801522
23.89649089375051005
26.05929284902501308
28.57549115264122719
31.53132592826259639
35.04210794404441742
39.26516251976349281
44.42018163955792431
50.82234672246983109
58.93845144514211398
69.48664480446890934
83.62419301700494145
103.32685929665117897
119.17640466486942330
139.54851310959838884
166.48049835373436167
203.36271290923576771
256.22542185939954607
336.77159648383576496
470.60063351162091294
724.47483665811432729
1330.86360100304705156
3764.11213638242452362
