3.04858735157374205
3.07818296999864005
3.10835884879347191
3.13913222203880427
3.17052101312284185
3.20254386955210979
3.23522019989322462
3.26857021299953621
3.30261495968922736
3.33737637705549073
3.37287733560477321
3.40914168943593365
3.47148550934207911
3.53615199827815063
3.60327341937602519
3.67299227227506941
3.74546230297998228
3.82084963567499747
3.89933404403025641
3.98111038247823190
4.06639020144736740
4.15540357474072319
4.24840117229413750
4.36882916658884923
4.49628380625380775
4.63139855000483802
4.77488535808874293
4.92754724147628664
5.09029329788877938
5.26415682923846084
5.45031730327574682
5.65012714594965715
5.86514465132243945
6.09717470314748766
6.34831956046743429
6.62104273367753127
6.91825006431512968
7.24339366835486764
7.60060663571671302
7.99487965409727508
8.43229561347322942
8.92034568218679880
9.46836189072555001
10.08811960579876299
10.79469318872368788
11.44554128633125423
12.17990864953375585
13.01497373793563561
13.97297286207102651
15.08320956673407842
16.38510464412541623
17.93297492132030513
19.80380328298993931
22.11043874501560325
25.02523744912888048
28.82524253004407910
31.70776678304848772
35.23085198116498873
39.63470847881061587
45.29680969006927427
52.84627797174749020
63.41553356609698966
79.26941695762123175
105.69255594349498040
158.53883391524246349
317.07766783048492698
