3.97698535404797715
4.00030034764067910
4.02387185132939251
4.04770391932200901
4.07180068870535106
4.09616638151800405
4.12080530688443947
4.14572186321257252
4.17092054045682481
4.19640592244906863
4.22218268929970453
4.24825561987140699
4.27983359465899404
4.31185070920806357
4.34431572656911147
4.37723763595711723
4.41062565989770761
4.44448926164060509
4.47883815285191655
4.51368230159744943
4.54903194062976102
4.58489757599230163
4.62128999595477996
4.66385997089591786
4.70716045312205722
4.75120940168278239
4.79602534659806512
4.84162741110144434
4.88803533491050679
4.93526949857964858
4.98335094899354925
5.03230142606321085
5.08214339069049004
5.13290005407088490
5.19055563941484621
5.24941077771233644
5.30950115092324193
5.37086381357270959
5.43353725752399175
5.49756148038211556
5.56297805776500276
5.62983021969607211
5.69816293139158869
5.76802297873665726
5.83945905876629912
5.91856351555196269
5.99963831510150136
6.08275345930288491
6.16798216700874846
6.25540105572514360
6.34509033552023904
6.43713401611069358
6.53162012816934023
6.62864095999254488
6.72829331077019699
6.83067876181654476
6.94151437616208078
7.05562693158893595
7.17315429261964432
7.29424183324934372
7.41904294095794814
7.54771956113429354
7.68044278569907757
7.81739349012110107
7.95876302347867703
8.10475395673192089
8.25558089495009106
8.41553168833759813
8.58106933203667310
8.75247099548026775
8.93003168821829973
9.11406567988037430
9.30490805564546264
9.50291642237581691
9.70847278252396784
9.92198559515980527
10.14389204603402383
10.37466055155187661
10.61479352494126438
10.86483043684148342
11.12535120710427528
11.39697996990020989
11.68038926039263714
11.97630467843859670
12.28551009319445519
12.60885346237550664
12.94725335152664059
13.30170625234893222
13.67329481531390911
14.05322958912561404
14.45176351771066159
14.87019164587269948
15.30992702049270626
15.77251410496633710
16.25964403483649434
16.77317201251643652
17.31513719481153046
17.88778549470995216
18.49359580151322646
19.13531022449759789
19.78101086139356823
20.46475137428560487
21.18973390513571786
21.95951539793055574
22.77805687207299101
23.64978099229731257
24.57963958952974792
25.57319317118770385
26.63670494593614180
27.77725250797377754
29.00286112121661120
30.21948323164096450
31.52479468025360276
32.92809912073867906
34.43999348776678460
36.07259471925195271
37.83981499246993963
39.75769785902154041
41.84483137304950162
44.12285930353129970
46.61711831708018394
49.35743835672106883
52.05554155467982014
55.01042381881802612
58.25761491681304705
61.83922450524835313
65.80549523104416210
70.21680845965637729
75.14630196439216547
80.68332560250442498
86.93806050573554955
94.04777843910466117
102.18545204103638468
110.25671394664647096
119.45221944653211210
130.00402041113505902
142.20959695384868837
156.45590726004900262
173.25463066152352098
193.29507698397011950
217.52583078090518143
247.28477216761001500
284.51385123936495347
332.12943133272023033
383.15353101240043543
448.73273731741130632
535.42354949070204384
654.13677203548252237
824.27886768700648190
1083.51192716491823376
1514.21875412985127696
2331.25013346915102375
4282.72466166478170635
12113.28074537664178933
