3.04858735157374250
3.06209405059503448
3.07572096448989063
3.08946970537120968
3.10334191430646111
3.11733926197066946
3.13146344931715070
3.14571620826656684
3.16009930241488268
3.17461452776083242
3.18926371345352955
3.20404872256087092
3.22191204512815688
3.23997566884122268
3.25824298165485038
3.27671744836358858
3.29540261279261015
3.31430210006395676
3.33341961894121752
3.35275896425582465
3.37232401941830373
3.39211875901796267
3.41214725151468201
3.43550346864357570
3.45918163709554394
3.48318845992568837
3.50753082756712109
3.53221582442452986
3.55725073574813644
3.58264305480205936
3.60840049034190313
3.63453097441723871
3.66104267051557475
3.68794398206537721
3.71838469387471715
3.74933211032216107
3.78079898921070701
3.81279852025598753
3.84534434352017485
3.87845056879811434
3.91213179601358174
3.94640313668759690
3.98128023654512164
4.01677929933118971
4.05291711191264525
4.09274613779667362
4.13336575250848881
4.17479973127825676
4.21707281230662545
4.26021074601756400
4.30424034736538541
4.34918955141922403
4.39508747246708520
4.44196446690223290
4.48985220017735820
4.53878371813684289
4.59145212583039442
4.64535722093700354
4.70054307820818273
4.75705589197029344
4.81494410508919302
4.87425854746702214
4.93505258490339038
4.99738227923724310
5.06130656077952157
5.12688741415137894
5.19419007875983141
5.26507661014006167
5.33792472754956027
5.41281699544956219
5.48984067782751239
5.56908807739200462
5.65065690457626157
5.73465067945175999
5.82117917002801288
5.91035887084052991
6.00231352621461678
6.09717470314748144
6.19508241938596793
6.29618583300546852
6.40064400063243877
6.50862671241693036
6.62031541297440640
6.73590421880383960
6.85560104418274818
6.97962884927672089
7.10822702622585023
7.24165294133748372
7.38018365428916034
7.52045597512973174
7.66616381115488643
7.81762934170158186
7.97520072136879232
8.13925475164081114
8.31019988917603669
8.48847964131891075
8.67457640825989351
8.86901584192437120
9.07237180452630021
9.28527202529244100
9.49700996396164321
9.71863003989816931
9.95084060500033729
10.19441936791166370
10.45022209566633542
10.71919265912609376
11.00237467071264064
11.30092501688499240
11.61612965529853447
11.94942213149686339
12.30240537747713780
12.64780459532600076
13.01315874471841383
13.40024856567992551
13.81107317383400002
14.24788459390780915
14.71322906054820656
15.20999668585649367
15.74148154015718148
16.31145478532372906
16.92425429323080266
17.58489525382986329
18.22338386772267427
18.90998506603913754
19.65034996941103529
20.45105077251418990
21.31977637230544786
22.26558006788727795
23.29919625293987906
24.43344961163296603
25.68378995397810272
27.06900012362175900
28.61214604351212643
30.10254701517311915
31.75674976658267212
33.60332833553718501
35.67791311607717120
38.02551239236708369
40.70381496707346969
43.78799425559587633
47.37787551130528385
51.60894345307281128
56.66982648134477785
62.83118659897811398
69.11430525887593035
76.79367250986214799
86.39288157359492004
98.73472179839420448
115.19050876479322199
138.22861051775186070
172.78576314718984008
230.38101752958644397
345.57152629437968017
691.14305258875936033
