3.97698535404797981
4.05820917098848355
4.14258308978005108
4.23028460668181427
4.32150429939871827
4.41644702015616097
4.51533321896181938
4.61840041367288201
4.72590482592875638
4.83812320485924641
4.95535486381283707
5.07792395926214368
5.24260350938506026
5.41734760940248616
5.60305021361421307
5.80070966880362082
6.01144392938476280
6.23650845501845463
6.47731735087799709
6.73546844718457205
7.01277318935589111
7.31129243536662443
7.63337954938319996
8.00020743727807115
8.39966399589922474
8.83596663841904473
9.31405628023767562
9.83975455461610693
10.41996305525237254
11.06291813884001130
11.77851998493195218
12.57876208073165181
13.47829826829071287
14.49520086580368172
15.49641328119331263
16.62271166231895236
17.89702401648930419
19.34796904628327852
21.01168360122773038
22.93438676841579849
25.17604573941745727
27.81572814475837063
30.95960384642640761
34.75323350845606996
39.40103057082848181
43.33353131165865335
47.97303889079961436
53.51098661041268656
60.21100939467785906
68.44525795557154879
78.75446044585859795
91.95164455867788433
109.31072546155628800
132.93154118030034283
166.50360224613248761
217.07159154537870904
250.40930773941931875
293.25748889276883347
349.90025690255401969
427.46691391330864462
538.63797872077020656
708.02253303028612663
989.45100637079667649
1523.31090744975017515
2798.43709682350117873
7915.06723187440366019
