3.04858735157374383
3.09552104964201380
3.14392245336099485
3.19386150322071849
3.24541265526435829
3.29865525148761662
3.35367392730573499
3.41055906048932034
3.46940726657771803
3.53032194648218223
3.59341389280780321
3.65880196237357591
3.74575917121930990
3.83695035813073293
3.93269247013427092
4.03333489851040650
4.13926373926585356
4.25090674307894378
4.36873908850044046
4.49329014270462856
4.62515141265704433
4.76498593863208697
4.91353944484806782
5.07996813753605014
5.25806645884486468
5.44910637723486335
5.65455168708159572
5.87609558712918023
6.11570745305210473
6.37569154007275252
6.65876132335291082
6.96813456199428227
7.30765615493704246
7.68195875338204015
8.04154347932050051
8.43644494123656230
8.87213480785850628
9.35527661073065175
9.89406895510254714
10.49871457649132545
11.18207258170220442
11.96058314910367315
12.85560740724349493
13.89541756016769902
15.11823781911399323
16.11511215230270722
17.25273187982404721
18.56316807190982487
20.08903660161672633
21.88822013223472496
24.04137713265383880
26.66436643484855296
29.92980118474813622
34.10665054531651919
39.63837919894521633
47.31184752299994756
52.04303227529994302
57.82559141699993432
65.05379034412491990
74.34718896471420635
86.73838712549989793
104.08606455059987184
130.10758068824981137
173.47677425099976745
260.21516137649962275
520.43032275299924549
