3.97698535404797715
4.00287746150918622
4.02908608499120291
4.05561678572253204
4.08247525137421174
4.10966729957873422
4.13719888156484039
4.16507608591257572
4.19330514243317598
4.22189242617865634
4.25084446158603058
4.28016792676146540
4.32571171522229037
4.37216402654514091
4.41955092320685328
4.46789943685133650
4.51723761251785660
4.56759455526465530
4.61900047933840074
4.67148676005078123
4.72508598853525186
4.77983202956950404
4.83576008266294366
4.90994502700685409
4.98625356027296451
5.06477303520542144
5.14559546945416635
5.22881785221883799
5.31454247491030607
5.40287728802241496
5.49393628663644851
5.58783992723729828
5.68471557880830947
5.78469801149421503
5.90529337958335354
6.03054023503200298
6.16069593351088862
6.29603635177725529
6.43685753520609438
6.58347752089428528
6.73623835827457373
6.89550835233789972
7.06168455824275210
7.23519556038445266
7.41650457402195151
7.62058320813304491
7.83492034766562195
8.06025436806016238
8.29739302801344714
8.54722157969148277
8.81071202283134092
9.08893369317652855
9.38306541247810699
9.69440947221248450
10.02440777824915052
10.37466055155187838
10.74694806396570712
11.14325599256955179
11.56580510661230576
12.01708616510562244
12.49990111049244490
13.01741190742497523
13.57319871293778490
14.17132949860169333
14.81644380841219011
15.51385407181196996
16.26966885968250409
17.03173531340101121
17.85705294217222416
18.75319373638295417
19.72893468137770867
20.79450079129816586
21.96186828452801976
23.24514574855292892
24.66105739075485914
26.22956127038061425
27.97464795743996291
29.92538321781706045
31.79051753441034478
33.86042333868351761
36.16795230607495881
38.75305595867057207
41.66475542379949104
44.96379122788286509
48.72623917506603419
53.04852280938121112
58.05448406841009756
63.90555283032535527
70.81569541259268874
77.06075940130571666
84.28488672085896383
92.71716304322362134
102.66050884072251392
114.52300036940795280
128.86620014832843140
146.48212313176313160
168.52037000340627060
196.70734155234382001
233.74408302229747392
284.07462663540803760
327.71208218361442732
383.79775911705934277
457.93910183868030117
559.46757616292643434
704.98056436737954300
926.68858701958129132
1295.04958967506172485
1993.81487510321358059
3662.81354920417970789
10359.90231827562820399
