3.04858735157374428
3.05844229939115353
3.06836116859654906
3.07834458312597903
3.08839317506230993
3.09850758476862964
3.10868846102428087
3.11893646116358569
3.12925225121732087
3.13963650605701172
3.15008990954210866
3.16061315467011461
3.17569219593063057
3.19091580881373238
3.20628608247394631
3.22180514651349803
3.23747517196594625
3.25329837230866525
3.26927700450516046
3.28541337007825573
3.30170981621521742
3.31816873690593406
3.33479257411530838
3.35621360417868786
3.37791160923438305
3.39989199618897908
3.42216031360380946
3.44472225636453278
3.46758367053664651
3.49075055841564197
3.51422908378095977
3.53802557736340972
3.56214654253623486
3.58659866124057602
3.61605296146508914
3.64599504386185469
3.67643712658124677
3.70739183926914118
3.73887224053747635
3.77089183633251812
3.80346459925511393
3.83660498889098722
3.87032797321323541
3.90464905112357386
3.93958427620365326
3.97965616397470034
4.02055161942784967
4.06229629543562876
4.10491692144539311
4.14844136055395030
4.19289867025206764
4.23831916711714296
4.28473449575672127
4.33217770233230848
4.38068331302248648
4.43028741781683166
4.48501127019219314
4.54110395196473426
4.59861747220410155
4.65760650857755643
4.71812858073200303
4.78024423737180104
4.84401725831135455
4.90951487291982946
4.97680799653078587
5.04597148656433170
5.11708442030647870
5.19297023348625331
5.27114068454314477
5.35170052313361211
5.43476100193616141
5.52044038925432634
5.60886453088364423
5.70016746685614972
5.79449210941907644
5.89199098946011013
5.99282707957899152
6.09717470314748589
6.20522054002409629
6.31716474112930459
6.43322216588105622
6.55362375858630752
6.67861808234035781
6.80847303187136799
6.94347775016809088
7.08394477774867060
7.23021246819512253
7.38264770924945690
7.54164899553793244
7.70161561857717558
7.86851543629895289
8.04280917567399101
8.22499931023542885
8.41563489800046405
8.61531710814354135
8.82470555359796904
9.04452557011352631
9.27557661101695352
9.51874196241747939
9.77500002769521892
10.02547573585176011
10.28912545213126961
10.56701659675726113
10.86033510745811093
11.17040235809644066
11.49869506068028890
11.84686878310145453
12.21678587290557338
12.61054878117890432
13.03054004549885647
13.47947053788301019
13.90514692556553022
14.35858541596630999
14.84259347536539764
15.36037031856853829
15.91557770852722875
16.51242668626866106
17.15578457587757200
17.85130801841535941
18.60560973369145188
19.42646942614557304
20.32310309721997044
21.14559545449022693
22.03746960567343649
23.00789124841503863
24.06771489625563021
25.22989162455536061
26.51000094521749162
27.92695325276386242
29.50393026443063249
31.26966315751233338
33.26019888172041306
35.52138696593301859
37.52383433022913550
39.76553720167624562
42.29209994729081501
45.16150346125464665
48.44860932796711950
52.25178542372970725
56.70291797856172167
61.98301749646117997
68.34743917924738810
76.16841915027289645
86.01058881279361401
94.61164769407298536
105.12405299341443765
118.26455961759124591
135.15949670581858300
157.68607949012167069
189.22329538814599914
236.52911923518249182
315.37215898024328453
473.05823847036498364
946.11647694072996728
