3.97698535404798204
4.01427072063806367
4.05221396094857855
4.09083179530451790
4.13014149513363016
4.17016090524898253
4.21090846719963618
4.25240324374886836
4.29466494454297099
4.33771395303772067
4.38157135475404313
4.42625896693882392
4.48011460757780799
4.53519741262360920
4.59154759187710138
4.64920706400062844
4.70821954572902079
4.76863064661443659
4.83048796970407590
4.89384121858233900
4.95874231124519937
5.02524550131366077
5.09340750713637824
5.17250851573040293
5.25389373659622905
5.33765780159633341
5.42390042926752614
5.51272676137586082
5.60424772601343424
5.69858042967791523
5.79584858103357714
5.89618294934064213
5.99972186086337711
6.10661173693011516
6.22640529959882905
6.35052586341826508
6.47919705486985542
6.61265751227669707
6.75116213031065104
6.89498342801088260
7.04441305467387924
7.19976344989921113
7.36136967629169980
7.52959144588093654
7.70481536428169456
7.89503172154668853
8.09378644812063719
8.30162674913148635
8.51914551134017373
8.74698603706603706
8.98584736871585221
9.23649029067535743
9.49974411006882136
9.77651433549869253
10.06779139396904199
10.37466055155189615
10.69831323394824985
11.04005998014638834
11.40134530743078223
11.78376482099649714
12.18908496886455239
12.61926592585471418
13.07648819315280342
13.56318362781311215
14.08207177627065576
14.63620258665686968
15.22900682835458319
15.83873055221793358
16.49162246635194151
17.19206835933060162
17.94504299409839376
18.75620977889334995
19.63204101034678217
20.57996374793759387
21.60853783646091131
22.72767453634375556
23.94890683590561054
25.28572607085505908
26.63558460820533469
28.11201835497448087
29.73224702291177124
31.51662297022722825
33.48935707353713553
35.67945208226876730
38.12191502495564066
40.85934956241626992
43.94407261694733080
47.44096505068590375
51.43136664031363381
55.45607714316216175
60.03800359230871209
65.29135955703483774
71.36232239265343935
78.44068906521340523
86.77691067051586060
96.70758765795898171
108.69467419050076273
123.38766130410236599
141.72581284295489468
165.11347946244453055
190.46346917467465687
223.04565330644277310
266.11790103346936576
325.10171025253765720
409.64002609765668694
538.44692642836832874
752.45801205617010510
1158.43167913264323943
2128.10505872477278899
6019.07157456914501381
