3.04858735157374472
3.07017389004345365
3.09206830992573956
3.11427724534157369
3.13680752239044836
3.15966616614533446
3.18286040795572989
3.20639769307474509
3.23028568862712495
3.25453229193611548
3.27914563922818214
3.30413411473572571
3.33412903544638128
3.36467353283360637
3.39578285083304188
3.42747280241504537
3.45975979638639197
3.49266086572122081
3.52619369752400935
3.56037666473531011
3.59522885969967954
3.63077012972465285
3.66702111476992876
3.70886954810672131
3.75168416514103198
3.79549881707185088
3.84034895513128349
3.88627172625027528
3.93330607567121548
3.98149285710316025
4.03087495107452298
4.08149739220388597
4.13340750618289565
4.18665505734703558
4.24592702886343076
4.30690137039704091
4.36965249202984474
4.43425920455145928
4.50080504967078898
4.56937866041401541
4.64007415497813813
4.71299156772027583
4.78823732143299452
4.86592474559461774
4.94617464590212030
5.03254034366247360
5.12197572330918227
5.21464740369835145
5.31073428439072881
5.41042869833378948
5.51393769685825674
5.62148448505416809
5.73331002846651216
5.84967485545045918
5.97086108356021050
6.09717470314748944
6.22894815708176885
6.36654326238076163
6.51035452781406132
6.66081293153828202
6.81839023494562735
6.98360392367529403
7.15702288480501014
7.33927395144866335
7.53104947341750908
7.73311610665816307
7.94632505668672984
8.16259913097846379
8.39097518889676763
8.63249824894748841
8.88833721333484306
9.15980378616974278
9.44837496768249530
9.75571993870358689
10.08373236869734590
10.43456946823690856
10.81069948771641798
11.21495987319840459
11.61579989891428255
12.04635528352796570
12.51005754105673340
13.01088769720331051
13.55349087292331589
14.14332078714036811
14.78682370758821740
15.49167501254228974
16.26708679693637549
17.12421272656634486
18.07668800400714915
19.01244816809267846
20.05037865724660762
21.20817881072845523
22.50788666570647223
23.97729519855635161
25.65196206071855656
27.57812476067380558
29.81703584817839570
32.45159637630148097
35.59684690558301412
39.41721407639914077
43.35893548403905839
48.17659498226561965
54.19866935504882122
61.94133640577007327
72.26489247339843303
86.71787096807811679
108.39733871009764243
144.52978494679683763
216.79467742019528487
433.58935484039056973
