3.04858735157375049
3.05436029890857563
3.06015515156952533
3.06597203447253763
3.07181107348514271
3.07767239543554272
3.08355612812179292
3.08946240032109198
3.09539134179917541
3.10134308331982034
3.10731775665445831
3.11331549459190127
3.12112364753960181
3.12897106444371742
3.13685804221394626
3.14478488076114937
3.15275188303536558
3.16075935506440731
3.16880760599304478
3.17689694812279244
3.18502769695230192
3.19320017121838218
3.20141469293765013
3.21150583627850672
3.22166079713729436
3.23188018281801304
3.24216460835486542
3.25251469663564441
3.26293107852749209
3.27341439300508119
3.28396528728127679
3.29458441694033199
3.30527244607367798
3.31603004741836349
3.32872611029612075
3.34151976549324381
3.35441214261279441
3.36740438875846237
3.38049766887480141
3.39369316609542926
3.40699208209941773
3.42039563747609243
3.43390507209848073
3.44752164550564189
3.46124663729413173
3.47696646976052515
3.49282974219808651
3.50883842689184622
3.52499453245161254
3.54130010465211198
3.55775722729655053
3.57436802310437063
3.59113465462399040
3.60805932517135508
3.62514427979515252
3.64239180626958259
3.66168253021113976
3.68117867598428994
3.70088354237735784
3.72080049919071065
3.74093298915791506
3.76128452992960627
3.78185871612246505
3.80265922143581214
3.82368980083843990
3.84495429282840773
3.86645662176867155
3.89003775561168919
3.91390829246818939
3.93807359284503233
3.96253915045917404
3.98731059640141750
4.01239370345732382
4.03779439059224909
4.06351872760781596
4.08957293997752913
4.11596341386961218
4.14269670136559487
4.17152359530047079
4.20075448345627844
4.23039791842265078
4.26046269591689519
4.29095786348518970
4.32189272958014481
4.35327687303388355
4.38512015294687973
4.41743271901400458
4.45022502231049355
4.48350782656192148
4.51886488726514113
4.55478403401596754
4.59127877778624782
4.62836306606654180
4.66605130063873119
4.70435835622408671
4.74329960005750184
4.78289091244202957
4.82314870834146259
4.86408996007264705
4.90573222116343199
4.94937324573365611
4.99379769412237007
5.03902685289489405
5.08508278684034210
5.13198837486390147
5.17976734788406290
5.22844432886669530
5.27804487513785503
5.32859552312811413
5.38012383571299502
5.43265845232695543
5.48702366801448083
5.54248795976450825
5.59908499717603902
5.65684983930301222
5.71581900707535162
5.77603056029740092
5.83752417956487246
5.90034125347079819
5.96452497150322447
6.03012042307281071
6.09717470314749477
6.16573702501427334
6.23585884073551089
6.30759396991936683
6.38099873748162860
6.45613212114005552
6.53305590945295034
6.61183487129198877
6.69253693772626157
6.77523339739103747
6.85999910652220635
6.94691271495707241
7.03475051196131940
7.12483802300859725
7.21726279927540482
7.31211699456758701
7.40949767180282937
7.50950713431356753
7.61225328434750992
7.71785001140673987
7.82641761336360986
7.93808325362696365
8.05298145801134169
8.16776745997349884
8.28587306431113646
8.40744438783701220
8.53263625042993468
8.66161283279847538
8.79454839481553741
8.93162806103251583
9.07304868081900295
9.21901977153225261
9.36976455422004584
9.52552109262445335
9.67932012525144714
9.83816713994311698
10.00231481013445212
10.17203295859771828
10.34761003749592767
10.52935476440967832
10.71759793385671067
10.91269442666614253
11.11502544288614835
11.32500098778474396
11.54306264505657786
11.75581357527675586
11.97655421653909080
12.20574325357380374
12.44387516654610160
12.69148379234971458
12.94914631970878283
13.21748778101585664
13.49718611448687611
13.78897788293976134
14.09366475075973568
14.41212083897370100
14.71894225798541989
15.03911176417508955
15.37351977727930752
15.72313771519689318
16.08902741844157802
16.47235192183226715
16.87438780359225987
17.29653938809505931
17.74035513519862306
18.20754661925404250
18.70001058809361894
19.16821818984274728
19.66047369936049805
20.17867865960250384
20.72494052203089154
21.30160129310375083
21.91127110008484991
22.55686769077811249
23.24166312820728564
23.96933925711296709
24.74405392686843541
25.57052048571129887
26.34536825394986437
27.16864294496525645
28.04503092899441796
28.97984341101295769
29.97912415825384258
31.04978031161543228
32.19974226551526897
33.43816044209819438
34.77564928992797633
36.22459228056693092
37.79952646705152119
39.25592871777842419
40.82905772558306268
42.53353232842008680
44.38651886108915079
46.40831134378120737
48.62307780234931442
51.05983100032648281
53.75370646116887485
56.74766758836824465
60.09481422397409744
63.86155941031910288
67.31595218834100081
71.16542489247450476
75.48186662404734193
80.35573401390485060
85.90245953857872507
92.27171071002673841
99.66109828280615091
108.33704462736795904
118.66759160445508314
131.17595746915549171
146.63195629773520068
161.29515192750872643
179.21683547500970235
201.61893990938591514
230.42164561072675610
268.82525321251455352
322.59030385501745286
403.23787981877183029
537.65050642502910705
