3.97698535404797671
4.00787235016965937
4.03921021753296117
4.07100842488396886
4.10327669853556998
4.13602503095161467
4.16926368966981986
4.20300322657891190
4.23725448756627987
4.27202862255327975
4.30733709593617764
4.34319169745177813
4.38598990887852214
4.42957748882620628
4.47397535061864104
4.51920512520764195
4.56528919137185696
4.61225070742284871
4.66011364450557863
4.70890282158636619
4.75864394222744558
4.80936363325395444
4.86108948542641794
4.92050981900707551
4.98128167430686730
5.04344911408040719
5.10705806157332631
5.17215639698268248
5.23879405986150282
5.30702315789316614
5.37689808249647072
5.44847563176025318
5.52181514124799389
5.59697862325877349
5.68049121303308002
5.76630431168350110
5.85450851786383630
5.94519905208077226
6.03847604676078298
6.13444485801495798
6.23321640099452079
6.33490751091947857
6.43964133207359257
6.54754773729404693
6.65876378074658781
6.77868189268941634
6.90254731933249666
7.03054530962333946
7.16287238480684163
7.29973718467831301
7.44136138983224882
7.58798072789393530
7.73984607268676950
7.89722464638661936
8.06040133596605735
8.22968013665934350
8.40719278800240666
8.59162050971930036
8.78334654162673267
8.98278172516937445
9.19036696589995117
9.40657595983198291
9.63191821686920946
9.86694241933501637
10.11224015924133290
10.36845010449519577
10.63626265192230136
10.90972508027775589
11.19572006391207175
11.49506434646323783
11.80864412083030679
12.13742237937594659
12.48244720214947101
12.84486112410983338
13.22591174683429394
13.62696378956241361
14.04951280973523176
14.49520086580368883
14.93852924567135965
15.40572842462622560
15.89863014212087400
16.41925052404223706
16.96981329187915222
17.55277650674808854
18.17086348434406062
18.82709864975104352
19.52484926571076684
20.26787417303688343
21.06038093863354277
21.82810157668913931
22.64463200403836396
23.51441615507119920
24.44243173403932090
25.43427073647430348
26.49623472986281314
27.63544810517113959
28.85999332644778548
30.17907326001877166
31.60320703734558023
33.14446770612327242
34.59702811613841078
36.16010923219468509
37.84583216355119362
39.66808214525632081
41.64283281414181914
43.78854335877135640
46.12664811530201092
48.68216435950428433
51.48445248713444755
54.56817443386687216
57.97451247358529258
61.09133694507660550
64.49933716624876467
68.23804074506129780
72.35415172848300358
76.90320984684115047
81.95172299158431883
87.57993579446959131
93.88546375128474608
100.98812085685045759
109.03641703516700545
118.21642913268297548
126.33981688655259745
135.44011491127645286
145.69004066056510283
157.30365527816115900
170.54913711904208640
185.76649616924612474
203.39257371289278353
223.99701713657216828
248.33519073744835737
277.42793802398193748
312.68524521509277747
342.56823897481058339
377.53681691873612181
418.89076788273979446
468.39052478003776514
528.47368651888905333
602.60301146750396128
695.84744036572976711
815.89677348550480929
974.93162012473908362
1193.30353472274373416
1507.39821791220720115
1739.05729982798584388
2036.79487000506310324
2430.37640078233425811
2969.33516638798801068
3741.77325450789612660
4918.67009033377598826
6874.02916969671696279
10583.23479102058627177
-nan(ind)
-nan(ind)
