3.04858735157374205
3.06647460011615980
3.08457299040770527
3.10288628313162773
3.12141832881417614
3.14017307052366590
3.15915454666743445
3.17836689389085425
3.19781435008277581
3.21750125749198590
3.23743206595949529
3.25761133627170896
3.28162047604180129
3.30598614624295495
3.33071634787915993
3.35581932316258591
3.38130356467230708
3.40717782493353649
3.43345112644006134
3.46013277214398629
3.48723235643841178
3.51475977666027894
3.54272524514235387
3.57471799443876437
3.60729383345149657
3.64046884959536632
3.67425972757953945
3.70868377738771748
3.74375896384606488
3.77950393788500882
3.81593806960920245
3.85308148329886224
3.89095509447536392
3.92958064917453953
3.97227528387615481
4.01590785801078543
4.06050962260953874
4.10611323262565886
4.15275282666729684
4.20046411222662108
4.24928445685242551
4.29925298575549508
4.35041068638252071
4.40280052054600723
4.45646754475488915
4.51396744773353831
4.57297053923812946
4.63353654551766514
4.69572839943114317
4.75961245857268000
4.82525874144738509
4.89274118346510978
4.96213791471968690
5.03353156174776384
5.10700957571755154
5.18266458978821998
5.26139318685720880
5.34255057300399727
5.42625090181963987
5.51261559441007964
5.60177392710219380
5.69386367711902697
5.78903183300653978
5.88743537751652024
5.98924215171616581
6.09463181032944146
6.20379687974903593
6.31425029096783508
6.42870805746805818
6.54739195903990367
6.67054046110908860
6.79841031399987905
6.93127833973396523
7.06944343253296381
7.21322880345017747
7.36298450461063059
7.51909027455602530
7.68195875338204193
7.84222333538937910
8.00931742565929028
8.18368707679897867
8.36581804967649667
8.55624033260683348
8.75553329210646503
8.96433156064607850
9.18333178743639955
9.41330040353143183
9.65508258361947824
9.90961262533390119
10.15304759563679404
10.40874399685504592
10.67765214499662463
10.96082316547969171
11.25942272460377325
11.57474706835081868
11.90824183387211121
12.26152420946280941
12.63640915966289846
13.03494061293609363
13.45942874318524929
13.85338939329966301
14.27110808908576089
14.71480076305837947
15.18696776618463140
15.69044101260815971
16.22844082347084438
16.80464488045261717
17.42327240958542589
18.08918767003525829
18.80802811793003926
19.58636439315876743
20.28516977509270092
21.03568421710471270
21.84386764974536632
22.71663251216863699
23.66204195726413673
24.68955969881336898
25.81036791107330330
27.03777583434347065
28.38775078866716939
29.87961662620141112
31.53698463488529669
32.96797607930813001
34.53500266471147029
36.25843040096775383
38.16290419603553374
40.27853389827919983
42.64249799472436564
45.30124725046265155
48.31358754395154875
51.75508028883906775
55.72446781404160987
60.35330114463063467
64.14144551175448328
68.43697069645888575
73.34913061621607255
79.02097214012906079
85.64349554577367485
93.47758679644645952
102.88919907506861762
114.40816682518013181
128.83150761022929487
147.41613501527342578
172.26648849150436149
189.49313734065481185
210.54793037850538440
236.86642167581857166
270.70448191522120851
315.82189556775807660
378.98627468130968055
473.73284335163714331
631.64379113551615319
947.46568670327428663
1894.93137340654857326
