38.94304541838866385
39.08739553084443230
39.23264760948339358
39.37880955368837022
39.52588935200426334
39.67389508337090831
39.82283491837652889
39.97271712053159121
40.12355004756364707
40.27534215273358598
40.42810198617365103
40.58183819624765931
40.82750685229225951
41.07568524048713954
41.32640935724538167
41.57971586543750675
41.83564210953470308
42.09422613116014134
42.35550668506131444
42.61952325551700937
42.88631607319167927
43.15592613245247833
43.42839520916281515
43.80574301447365571
44.18862963965526802
44.57716944523943425
44.97147984531571296
45.37168140777532699
45.77789795846716459
46.19025668944367169
46.60888827148296087
47.03392697108282050
47.46551077213369041
47.90378150248706390
48.46508294703131980
49.03750682286738538
49.62136383607536061
50.21697594099583029
50.82467684195442104
51.44481252164996476
52.07774179785519664
52.72383691019498997
53.38348413889266908
54.05708445751130853
54.74505422186280157
55.58387488704053681
56.44445977140988902
57.32760707552071722
58.23415303333592163
59.16497415084212719
60.12098960206184017
61.10316379537653830
62.11250912428290860
63.15008891804766478
64.21702060921106181
65.31447913653792625
66.61007742961007239
67.94927581686256701
69.33415510395278147
70.76692553166398625
72.24993675418764383
73.78568873941145512
75.37684369093065584
77.02623910390241235
78.73690208101149324
80.51206505099651167
82.35518305070996803
84.49000925588634914
86.71899484538934644
89.04805558613460903
91.48359381230156373
94.03254824761168607
96.70244997099129591
99.50148541656218981
102.43856744822366522
105.52341572694388105
108.76664780141312860
112.17988260756352759
116.12378534087837068
120.30483318624492028
124.74347441678278869
129.46248138644000392
134.48728172944061043
139.84634682159239105
145.57164923845354565
151.69920374741110436
158.26970994213849053
165.32931920910459667
172.93055463203234012
182.05611854089377744
192.01451053166616134
202.91614547056690299
214.89099866051390109
228.09301433124113601
242.70573843390860702
258.94958553285704284
277.09131228618139176
297.45650843127094731
320.44627129886919192
346.55976820395574123
399.80195564819513265
468.23191499221428558
558.69113219902249057
682.56466316548596751
860.10249482097970031
1130.60374167550025959
1580.03206146743582394
2432.57694233305755915
4468.87467481333624164
inf
