15.00000000000000711
15.03731732679377409
15.07482079438988798
15.11251179899078600
15.15039175079739309
15.18846207418500072
15.22672420788180325
15.26517960515014849
15.30382973397052204
15.34267607722835614
15.38172013290367346
15.42096341426364248
15.48356955893151010
15.54668611357114294
15.61031934557018808
15.67447562534871075
15.73916142848519861
15.80438333789538596
15.87014804606550733
15.93646235734152228
16.00333319027599188
16.07076758003427486
16.13877268086182326
16.23271687726448675
16.32776118041448044
16.42392502785065034
16.52122831774143563
16.61969142261115806
16.71933520356008529
16.82018102499910484
16.92225076992092525
17.02556685573064499
17.13015225065982250
17.23603049078923988
17.37115506698714285
17.50841504480457189
17.64786144669072598
17.78954693362548412
17.93352587142627641
18.07985440030117275
18.22859050783507229
18.37979410560835802
18.53352710966069239
18.68985352502700081
18.84883953458807326
19.04177982016598847
19.23871090278906593
19.43975789547788224
19.64505119627047591
19.85472677026259802
20.06892644990447749
20.28779825494777711
20.51149673355948622
20.74018332625465888
20.97402675444898890
21.21320343559645494
21.49383218560724629
21.78198533206859366
22.07796961052644846
22.38210865848986586
22.69474419587256975
23.01623730576715587
23.34696982564399548
23.68734586024413602
24.03779342876906355
24.39876626048447861
24.77074575457692518
25.19812882770169438
25.64051856145784214
26.09871947142570647
26.57359462693371555
27.06607107680945745
27.57714588984092785
28.10789289276243963
28.65947020158071012
29.23312865739967137
29.83022129606593609
30.45221400252902910
31.16308113961575188
31.90793006568305401
32.68925710913526217
33.50980924556621687
34.37261636594949010
35.28102866160303819
36.23876009822053845
37.24993916830243990
38.31916838443069651
39.45159432158148860
40.65299045718135318
42.07226257876196485
43.59421848564508650
45.23042012690648050
46.99423293819984337
48.90119175629760662
50.96945959140244042
53.22040796317106981
55.67935811683019409
58.37653767205102895
61.34832947428024852
64.63892236032084782
71.10281459635294254
79.00312732928104253
88.87851824544118529
101.57544942336136273
118.50469099392158512
142.20562919270588509
177.75703649088237057
237.00938198784317024
355.51407298176474114
711.02814596352948229
