38.94304541838859279
39.19043450092090097
39.44047750896480409
39.69321441921890425
39.94868598586941744
40.20693375915116263
40.46800010443425322
40.73192822185431794
40.99876216650343963
41.26854686920140836
41.54132815786520183
41.81715277949811593
42.20241404092806192
42.59367587161101198
42.99106977645608652
43.39473098874038470
43.80479860011865867
44.22141569602545275
44.64472949672837387
45.07489150430683367
45.51205765584544594
45.95638848314707303
46.40804927928764556
46.99637540680906511
47.59732647965967089
48.21128466631824949
48.83864713751654563
49.47982679234348780
50.13525302625015456
50.80537254377057366
51.49065021898900341
52.19157000702060145
52.90863591002656108
53.64237300156376875
54.55414083076486520
55.49218528143653373
56.45757797967264224
57.45144739960730362
58.47498259311510083
59.52943721218753836
60.61613385080934790
61.73646873597918727
62.89191680067565215
64.08403717510512365
65.31447913653775572
66.80022387861207278
68.34341874775037695
69.94722054684714863
71.61501264178829729
73.35042515670787111
75.15735733170816957
77.04000231468694437
79.00287469825126152
81.05084115850146986
83.18915460595235345
85.42349232145716087
88.10660127166576672
90.93361676768799384
93.91557614319744118
97.06462945246707363
100.39417971393518769
103.91904453271466480
107.65564295268345063
111.62221219414027473
115.83905993134612800
120.32885900804774337
125.11699304674198174
131.15263972597250586
137.69059553709215038
144.79138213218584497
152.52523013992322376
160.97405305595680147
170.23391357312746663
180.41812975194270052
191.66122051035279128
204.12396344537867776
217.99994319889225380
233.52412123208267758
269.39100067915001091
315.48972491562250298
376.42936364865374799
459.87997019309949565
579.48386666686008084
761.71670190215547791
1064.49186569900052746
1638.84503807811529441
3010.68838244317430508
8515.40712951002751652
