14.99999999999998757
15.06392639923857679
15.12840000849083388
15.19342788413510092
15.25901720439794396
15.32517527199562757
15.39190951684459030
15.45922749884306135
15.52713691072598223
15.59564558099551235
15.66476147692945275
15.73449270767003050
15.83163107836407768
15.92997628531159471
16.02955095949292286
16.13037830129215422
16.23248209851848500
16.33588674511639027
16.44061726059550566
16.54669931021270912
16.65415922594065989
16.76302402825869464
16.87332144880403817
17.01645174251832771
17.16203105558796338
17.31012278601863841
17.46079253911682727
17.61410822439654922
17.77014015763676724
17.92896116841160747
18.09064671343890041
18.25527499611769855
18.42292709265258921
18.59368708519222935
18.80478824474102595
19.02073787335103816
19.24170494743570714
19.46786638780822898
19.69940753211531259
19.93652264139007002
20.17941544363386441
20.42829971762397534
20.68339992046337983
20.94495186274461318
21.21320343559641941
21.53486335601419199
21.86642825107665544
22.20836278554595467
22.56116115053336912
22.92534944661043284
23.30148830151993167
23.69017574987993768
24.09205040599170289
24.50779496515690781
24.93814007388365894
25.38386861513415127
25.91399450426456141
26.46673537427929901
27.04356988523078442
27.64610847707320218
28.27610838467376908
28.93549075367184997
29.62636020830771955
30.35102729105093999
31.11203427807105371
31.91218497829872902
32.75457925216844757
33.80125505541531794
34.91703225723729531
36.10898755684828387
37.38519810889684436
38.75492479794106515
40.22883733427345021
41.81929274500599547
43.54068264562138069
45.40986996105119289
47.44674318227725962
49.67492679619926577
54.64241947581918879
60.71379941757687959
68.30302434477398776
78.06059925117027376
91.07069912636532649
109.28483895163837758
136.60604868954797553
182.14139825273065298
273.21209737909595106
546.42419475819190211
