3.97698535404796960
4.01274168371882922
4.04910284797004127
4.08608357977251568
4.12369907736521668
4.16196502227421927
4.20089759815890496
4.24051351052922953
4.28083000738079633
4.32186490079713703
4.36363658957177147
4.40616408290585326
4.46044661960483246
4.51598207888553382
4.57281205814979508
4.63097994638847243
4.69053101898182589
4.75151253846123023
4.81397386166761265
4.87796655377876043
4.94354450971727832
5.01076408349457747
5.07968422609427606
5.16230867847208152
5.24743400669121485
5.33516887829241337
5.42562809081757447
5.51893299770215062
5.61521196945731305
5.71460089355412393
5.81724371680065655
5.92329303442953403
6.03291073059413296
6.14626867551491518
6.27535004703204891
6.40942587277928322
6.54877288237781574
6.69368774114914800
6.84448882572724404
7.00151818922531977
7.16514373969329288
7.33576165903073640
7.51379909351320663
7.69971715175066862
7.89401425135198931
8.10564416360473317
8.32758857997187363
8.56056599259446926
8.80536019386680557
9.06282765737363327
9.33390592515611139
9.61962316316118660
9.92110907690567601
10.23960741599315583
10.57649034070886174
10.93327497845172758
11.30665544592033100
11.70286493053014887
12.12390002184564253
12.57198667492241206
13.04961323682173990
13.55956924847081702
14.10499121998436145
14.68941686723771234
15.31684966769246614
15.99183606970875715
16.71955830642904317
17.45355796499333678
18.24447982226078224
19.09867709488764831
20.02344347848512029
21.02718914312131915
22.11965702658851640
23.31219045818792424
24.61806669808131076
26.05291585815042765
27.63525145151552564
29.38714835207360920
31.09629043855008135
32.98008266406008460
35.06452023945638530
37.38079257968688296
39.96661062912299656
42.86795450607174729
46.14140289090296676
49.85727962740454444
54.10396717211632733
58.99391628716362845
64.67217105884257933
70.07998487469781423
76.28952041885206370
83.47751868229759964
91.87416961597226361
101.78428609550385886
113.61915785425068748
127.94582194948307574
145.56574247981444614
167.64519315799060450
195.94093185444103256
233.21164914271142266
269.03049436630368518
315.06748380378724050
375.92551569349672036
459.26437330383186008
578.70811200514970096
760.69693043874030991
1063.06667405999041875
1636.65079082583702075
3006.65726504949680020
8504.00536057416138647
