3.04858735157373806
3.06929005070079430
3.09027585291818729
3.11155060522639015
3.13312031675483293
3.15499116442063388
3.17716949882600597
3.19966185040615692
3.22247493584019695
3.24561566473826213
3.26909114661885258
3.29290869819116994
3.32319005053145222
3.35403350218762686
3.38545485078235053
3.41747049151944404
3.45009744570974464
3.48335339094674890
3.51725669304444066
3.55182643985854840
3.58708247712209483
3.62304544643660309
3.65973682557177371
3.70348645543871680
3.74829473402862412
3.79420055754221242
3.84124475127210907
3.88947019069811217
3.93892193182026995
3.98964735156253036
4.04169629916663364
4.09512125959315831
4.14997753005561254
4.20632341093577278
4.27002383198610680
4.33568327448343105
4.40339352037916587
4.47325217600877334
4.54536314155104471
4.61983712663882429
4.69679221750254960
4.77635450175725751
4.85865875778609979
4.94384921664867871
5.03208040557449277
5.12728597821894372
5.22616355040533165
5.32892973842878881
5.43581853832631712
5.54708310458723552
5.66299775187660437
5.78386021308920473
5.90999419286432559
6.04175226267060861
6.17951915198144519
6.32371550023912388
6.47282261882229726
6.62913114401717607
6.79317569407844424
6.96554514869086283
7.14688971231833658
7.33792911039090168
7.53946213611993965
7.75237781493539924
7.97766851561132828
8.21644541593941824
8.46995683148353606
8.72177912559780566
8.98903423296783899
9.27318568891086770
9.57588812411065327
9.89901950648850004
10.24472013891622346
10.61544012406029225
11.01399752165015933
11.44365011792760001
11.90818467521245516
12.41202883876202634
12.89379893244259989
13.41447889859524878
13.97898089990190229
14.59308026811844705
15.26361381169971843
15.99873542842068908
16.80824931986886384
17.70404975850478735
18.70070939635633067
19.81627814287762845
21.07338611879676193
22.23654988950676525
23.53561871781371195
24.99588934644668825
26.64935197370488851
28.53706091070877804
30.71258960390273529
33.24719644595828072
36.23777857184381190
39.81954260308434357
44.18701387729154106
49.63057490400287719
54.59363239440316562
60.65959154933684516
68.24204049300395525
77.99090342057594683
90.98938732400526419
109.18726478880633124
136.48408098600791050
181.97877464801052838
272.96816197201582099
545.93632394403164199
