12.66463757225210784
12.74609418703896679
12.82846364642067449
12.91176028619767635
12.99599873207076328
13.08119390683685346
13.16736103779686573
13.25451566438301576
13.34267364601311101
13.43185117017964991
13.52206476078179698
13.61333128670880832
13.72388936052632502
13.83600827184378268
13.94971893113824990
14.06505303840459042
14.18204310794319412
14.30072249407306373
14.42112541781064117
14.54328699455641605
14.66724326283332935
14.79303121412364419
14.92068882385271422
15.07004327236171903
15.22198944839259127
15.37659051685355749
15.53391163183006185
15.69402001370172606
15.85698502981911062
16.02287827893134065
16.19177367956737257
16.36374756258600982
16.53887876812305535
16.71724874717871145
16.91989150763334138
17.12677952476857612
17.33803790218270890
17.55379651693058563
17.77419024410130532
17.99935919399363016
18.22944896271162918
18.46461089706428638
18.70500237471947358
18.95078710063451055
19.20213542086462155
19.48048433872966712
19.76578458546382677
20.05828083423238084
20.35822893328827377
20.66589653636498269
20.98156377553451435
21.30552397986519608
21.63808444351354865
21.97956724721567312
22.33031013750689198
22.69066746840128346
23.08075694370952036
23.48236636809416211
23.89597636268415215
24.32209362795589414
24.76125269470014345
25.21401781563288935
25.68098501084671526
26.16278428172055825
26.66008200949974594
27.17358355654963020
27.70403609030104164
28.26650906920398043
28.84855276853739525
29.45113185002865919
30.07527296812006057
30.72206970986873031
31.39268800685389493
32.08837207190472185
32.81045092025937748
33.56034554255914060
34.33957680602772200
35.14977417048338282
35.99268531770449187
36.87018680639033619
37.78429588085307245
38.73718358002537343
39.73118931484254546
40.76883710710251307
41.85285371220355444
42.98618888251131409
44.17203806849675374
45.41386790241520544
46.71544486561803922
48.04596540167490559
49.44131832576491803
50.90600949537669351
52.44495551179456783
54.06353042704910195
55.76761886002807955
57.56367655838559472
59.45879963708966187
61.46080396024057535
63.57831642022213714
65.82088022012447937
68.07694503240658435
70.46548548321359817
72.99764653946959925
75.68580824608056901
78.54375722783289859
81.58688706378761424
84.83243329161790314
88.29975013600154909
92.01063774840179121
95.98973090351159954
100.26496286545167891
104.50827559692787361
109.06034556625687060
113.95355526755510311
119.22478838327509720
124.91621882153906142
131.07626858921003077
137.76077760243830994
145.03444144564008411
152.97259047792971387
161.66340733539476560
171.21071237831972667
180.61015474874199072
190.90336755143331970
202.21400619038169566
214.68862534115487506
228.50208394608409890
243.86452539641217641
261.03048739778188292
280.31092810580383912
302.08930139209434174
326.84334002980455125
355.17502012855152316
383.27425059498608562
415.28617274337233312
452.01835993376425904
494.50608180741147635
544.09599937207872244
602.56881323563254682
672.32339145958860627
756.66089636132812757
860.23726438020571550
989.81063262011662118
1155.53015239298611050
1333.10956229994280875
1561.34198527238845600
1863.04440451238770038
2276.18698753959370151
2868.30516995798279822
3770.46475211781262260
5269.36145730807675136
8112.68487059518793103
-nan(ind)
-nan(ind)
