7.00091146645377727
7.03192885029330750
7.06322230091056724
7.09479552043325423
7.12665227748163232
7.15879640866806621
7.19123182013734041
7.22396248914902550
7.25699246570326295
7.29032587421135680
7.32396691521261456
7.35791986713894719
7.39894199488795667
7.44042410308906366
7.48237397199218179
7.52479955830548075
7.56770900022656612
7.61111062264678750
7.65501294253565856
7.69942467451271639
7.74435473661446050
7.78981225626439944
7.83580657645459500
7.88944283136664382
7.94381842960378659
7.99894876435962843
8.05484965913096218
8.11153738285952741
8.16902866571767206
8.22734071557010616
8.28649123514575514
8.34649843995573626
8.40738107699553439
8.46915844427170583
8.53906384758678882
8.61013286994961824
8.68239480894592397
8.75587995402480956
8.83061962883117779
8.90664623572491898
8.98399330261978157
9.06269553228415425
9.14278885425610000
9.22431047953577554
9.30729895823016662
9.39876410318172439
9.49204479144938595
9.58719562152821680
9.68427340332149988
9.78333727124712560
9.88444880435777407
9.98767215398757635
10.09307417948128105
10.20072459260934750
10.31069611132448038
10.42306462357219488
10.54401469546411896
10.66780475128696892
10.79453600625869747
10.92431454308313654
11.05725160811012842
11.19346392938571810
11.33307405850358052
11.47621073836193339
11.62300929914554892
11.77361208509290158
11.92816891487735198
12.09095589557541395
12.25824754959951690
12.43023348164741471
12.60711408861769556
12.78910133855209530
12.97641961803149258
13.16930665514822607
13.36801452603718587
13.57281075392646130
13.78397951078360784
14.00182293290754920
14.22666256327421053
14.45884093511616975
14.69872331313853131
14.94669961098696476
15.20318650613940470
15.46862977635019121
15.74350688520545383
16.02832984833729313
16.32364841649426523
16.63005361710133201
16.94818170231390297
17.27030929327562703
17.60491924284918497
17.95275141798088114
18.31460533636299459
18.69134630166826838
19.08391231191792770
19.49332185708620813
19.92068274240725856
20.36720209832130735
20.83419776751761887
21.32311129528738647
21.80935570680057012
22.31829389747417736
22.85155255808505714
23.41091765332178554
23.99835440463001035
24.61603035900012415
25.26634211437307798
25.95194639622276611
26.67579633485405566
27.44118398795677649
28.25179039979985163
29.04498051242496359
29.88399601659854099
30.77292628284727982
31.71636216912508033
32.71947532509026502
33.78811303713477088
34.92891228711803819
36.14943772451428572
37.45834961303158650
38.86560963440811634
40.38273489371204761
41.84898851963975375
43.42573002245194402
45.12593688669041825
46.96470179226213304
48.95968186381591636
51.13166749971873770
53.50530963862987477
56.11005945517651128
58.98139657962369853
62.16245476878808773
65.70620363312515622
69.12882665448256603
72.92761136183372628
77.16817644533966813
81.93234512520881196
87.32347642526238474
93.47404947550323584
100.55669584759080237
108.80065868937374773
118.51707112990105486
130.13910781017540330
144.28832898116235128
158.71716187927859210
176.35240208808733087
198.39645234909824012
226.73880268468369081
264.52860313213096788
317.43432375855718419
396.79290469819648024
529.05720626426204944
793.58580939639296048
1587.17161879278592096
