5.00671534848911826
5.06561133926800800
5.12590945792548425
5.18766037801750812
5.25091724469620491
5.31573582725974703
5.38217468314212333
5.45029533435634139
5.52016245750854573
5.59184408861660298
5.66541184409658172
5.74094115942591632
5.84638811969031469
5.95578116206785246
6.06934601828149844
6.18732597174305265
6.30998359727760150
6.43760271196305478
6.57049056759024896
6.70898032039299785
6.85343381983808975
7.00424476562199327
7.16184229086758073
7.35218114816822066
7.55291342517918363
7.76491431300173129
7.98916010258787601
8.22674321737031100
8.47889001036132939
8.74698193758416664
9.03258087952452549
9.33745959066560438
9.66363853105688975
10.01343069697823118
10.38949655360547908
10.79491182905490021
11.23325182556550494
11.70869714141298523
12.22616742734281381
12.79149225152447222
13.41163166633431914
14.09496420338127010
14.85166763648338772
15.69422935284001142
16.63814089836023058
17.55581643595960983
18.58062981877955977
19.73250657049864287
21.03663977407583729
22.52535393646140349
24.24082053297347983
26.23911668984548484
28.59647168941430806
31.41921300897599068
34.86024810618041414
39.14770876959090629
43.06247964654999549
47.84719960727777277
53.82809955818749614
61.51782806649999458
71.77079941091665205
86.12495929309999099
107.65619911637499229
143.54159882183330410
215.31239823274998457
430.62479646549996914
