3.97698535404798292
3.99561107048311737
4.01440033556936715
4.03335521052541868
4.05247779014026399
4.07177020344152751
4.09123461437951352
4.11087322252737941
4.13068826379789922
4.15068201117726598
4.17085677547641964
4.19121490610031699
4.21496391486539146
4.23896456030358770
4.26322066506457809
4.28773612682301053
4.31251492007900872
4.33756109800973544
4.36287879437368797
4.38847222546953653
4.41434569215120565
4.44050358190113847
4.46695037096366399
4.49710914388306460
4.52764737156737507
4.55857188929064261
4.58988969135436164
4.62160793561346228
4.65373394815461605
4.68627522813297404
4.71923945277338230
4.75263448254264187
4.78646836649956509
4.82074934782988151
4.85907671797901575
4.89796953617886732
4.93743972531954611
4.97749953289523095
5.01816154182075369
5.05943868167518929
5.10134424039183809
5.14389187641524881
5.18709563134685325
5.23096994310195029
5.27552965960206599
5.32448296766324614
5.37427478788257496
5.42492560726910700
5.47645655896996786
5.52888944723275610
5.58224677351187193
5.63655176377963230
5.69182839710656818
5.74810143557950592
5.80539645563004836
5.86373988085062336
5.92682944577048954
5.99116412826168343
6.05677890333329128
6.12371001412829674
6.19199502831253756
6.26167289744302824
6.33278401949870151
6.40537030476944835
6.47947524531314656
6.55514398820545008
6.63242341282313141
6.71478573454845140
6.79901027307584371
6.88515682315854249
6.97328765872309919
7.06346765913617070
7.15576444312894289
7.25024851092018352
7.34699339512274019
7.44607582106587707
7.54757587721834167
7.65157719645367518
7.76093425610266774
7.87311295358134888
7.98821647453651273
8.10635288176434265
8.22763539900942220
8.35218271447515903
8.48011930564343608
8.61157578715012306
8.74668928362697962
8.88560382960231898
9.02847079875386704
9.17680059478397503
9.32948896256992377
9.48671716661742082
9.64867623221127069
9.81556759425121683
9.98760379769455220
10.16500925440451475
10.34802106171632730
10.53688988860672460
10.73188093599797277
10.93327497845174534
11.13986257308408412
11.35336414445244380
11.57410706515478438
11.80243883223159429
12.03872859889357727
12.28336884605688617
12.53677720862844502
12.79939847332064318
13.07170676686656563
13.35420795589487852
13.64744228245415592
13.94478771214436819
14.25350029775808380
14.57419547888119915
14.90753210232375636
15.25421622383503184
15.61500530990423563
15.99071288903246035
16.38221370888469863
16.79044946388808057
17.21643516734154034
17.66126625318963050
18.10738634763413302
18.57311876773092152
19.05968775601736809
19.56841747798352316
20.10074217724465129
20.65821757355292121
21.24253368249112484
21.85552926542370145
22.49920815364836102
23.17575773289651409
23.88756992486993980
24.59406363024703523
25.33670929649852255
26.11814387352071520
26.94125676991873775
27.80922003929852693
28.72552292654292216
29.69401151713249121
30.71893437942901173
31.80499526991062353
32.95741419313322496
34.18199838264275314
35.38609708625536143
36.66336819390771495
38.02018151389520995
39.46363785256571788
41.00167422323267630
42.64318742994498734
44.39817983113709943
46.27793200650535965
48.29520822371233635
50.46450211028782462
52.80233188969303626
55.08416803848104593
57.53623376951773594
60.17683829262314532
63.02690268269687834
66.11043014307256271
69.45507971446050988
73.09287060381370793
77.06105269090612353
81.40319015316065077
86.17052076366928759
91.42367507280879124
96.53667917980909863
102.14611646552349100
108.32215929327888659
115.14826831412015906
122.72440282285548108
131.17118975615366594
140.63539750258584604
151.29720951530501338
163.38001684528185820
177.16379262832782615
193.00365023168336620
208.57395018809211251
226.35882164736798927
246.82569505425001921
270.57696578437349899
298.40087905282985048
331.34675089557231331
370.83901756366128666
418.85522707643946205
478.21322582116965805
553.05285371004015360
649.68174243849728100
749.51454223754922168
877.82428171679259776
1047.43861534109487366
1279.70428849078848543
1612.58958561942154120
2119.77944963539630407
2962.45370049925804778
4560.96214610747847473
8378.97827689633959380
