3.04858735157374561
3.05937973700023802
3.07024880672207745
3.08119538096301593
3.09222029168626733
3.10332438280528766
3.11450851039911347
3.12577354293237342
3.13712036148009243
3.14854985995740932
3.16006294535433430
3.17166053797567704
3.18516444426533640
3.19878383278488299
3.21252019126095645
3.22637503308505202
3.24034989786935190
3.25444635201706056
3.26866598930769658
3.28301043149779082
3.29748132893747625
3.31208036120345239
3.32680923774884008
3.34356718692338495
3.36049481858080057
3.37759472301304964
3.39486954350463410
3.41232197769471979
3.42995477898149526
3.44777075797029964
3.46577278396711597
3.48396378651909711
3.50234675700386511
3.52092475026939233
3.54163906861943323
3.56259856250566198
3.58380761070357456
3.60527069688496482
3.62699241277791629
3.64897746144172519
3.67123066066165338
3.69375694646865949
3.71656137678951337
3.73964913523295728
3.76302553501787163
3.78862411754902695
3.81457336241335110
3.84088052462733387
3.86755306073384597
3.89459863584845367
3.92202513100345618
3.94984065080443836
3.97805353141495344
4.00667234888586687
4.03570592784684479
4.06516335057848277
4.09689676041442574
4.12912950174470961
4.16187345364924344
4.19514087502376842
4.22894441988222880
4.26329715340497462
4.29821256877554969
4.33370460485164699
4.36978766471884761
4.40647663517903698
4.44378690722887715
4.48337644720979789
4.52367773171313914
4.56471012855338376
4.60649371468685853
4.64904930896762547
4.69239850673591175
4.73656371635984819
4.78156819786040810
4.82743610375944332
4.87419252230153344
4.92186352321216969
4.97173494741244770
5.02262737448022456
5.07457248271881411
5.12760327462229792
5.18175414679716706
5.23706096436176161
5.29356114016167023
5.35129371916876373
5.41029946846395227
5.47062097323945729
5.53230273929569183
5.59596959270795757
5.66111888828971566
5.72780301251778035
5.79607684959856329
5.86599793212512122
5.93762660277207299
6.01102618798353294
6.08626318470484229
6.16340746131539419
6.24253247403877332
6.32371550023913187
6.40643652474406711
6.49135039461098895
6.57854547604335949
6.66811494780644320
6.76015713337417790
6.85477586096946823
6.95208085426956313
7.05218815686748535
7.15522059394173215
7.26130827499597054
7.37058914199535931
7.48055727018742278
7.59385651542720996
7.71064056299872824
7.83107269979923881
7.95532657607248161
8.08358704082858814
8.21605105940307112
8.35292872273384468
8.49444435923350838
8.64083776163377593
8.79236554291532890
8.94300324358789922
9.09889260626097851
9.26031313507665388
9.42756452678003143
9.60096852776203846
9.78087099988526809
9.96764422300098829
10.16168946641183268
10.36343986665773720
10.57336365505973319
10.79196778564022097
11.00673816639099911
11.23023038803821372
11.46298675396865541
11.70559547795372701
11.95869564755611592
12.22298284568425331
12.49921553441099142
12.78822232443200768
13.09091027690106657
13.40827441283819432
13.74140864012937868
14.06504279159382342
14.40428893058758320
14.76030465254036095
15.13436489745979507
15.52787720545624417
15.94239941577752617
16.37966027849001449
16.84158355378343330
17.33031630736072515
17.84826227976298441
18.39812142383383531
18.92695931550743893
19.48709891160209295
20.08140407058747101
20.71309900120974135
21.38582678044710406
22.10371965767041758
22.87148401073463333
23.69450364470102244
24.57896622601460734
25.53201913170069304
26.56196301965032092
27.54555263864537196
28.60478807947912472
29.74874497937710061
30.98801125867924000
32.33501580476430348
33.80444677615717097
35.41378939292111028
37.18402502281585953
39.14055097194513166
41.31440678497470032
43.74393322668922224
46.06798561648179202
48.65284124381961561
51.54501047143636328
54.80276186699904173
58.50008860224354379
62.73239659542707614
67.62485434038337928
73.34498041493677079
80.12220966158650981
88.27941150624479860
98.28584380200699400
108.11442818220770334
120.12714242467522752
135.14303522775963984
154.44918311743958839
180.19071363701286259
216.22885636441543511
270.28607045551933652
360.38142727402578203
540.57214091103867304
