7.83797605729309765
7.96831629040449663
8.10256980807018579
8.24090332672218295
8.38349275859162546
8.53052383738522479
8.68219279487623652
8.83870709325492676
9.00028621861372713
9.16716254153705812
9.33958225143655696
9.51780637202716662
9.76865756313467948
10.03137815260461352
10.30676809665880711
10.59569769693611008
10.89911529950181190
11.21805601040017741
11.55365158596494801
11.90714168461208011
12.27988670121179027
12.67338244673710612
13.08927698642929371
13.59789019086234774
14.14166521419526212
14.72408793780328828
15.34910029428844425
16.02117537793339963
16.74540763421654077
17.52762173280023461
18.37450473668586426
19.29376751439221849
20.29434312256192996
21.38663228443526165
22.58280935079863738
23.89720661122435885
25.34680104982868798
26.95183639471940040
28.73662577937233209
30.73059834021192671
32.96967946829908414
35.49813375489939204
38.37105929960513606
41.65781424129549748
45.44680197570634306
49.23571342864674705
53.58614732441665751
58.62179381565073299
64.50371573284581928
71.44513970618561416
79.73370006531874310
89.76583119170904013
102.10166326003128745
117.55594289067090585
137.35530455822001272
163.42478774613519477
188.51515227877922598
220.76366146650289579
263.39482862766828930
321.77464363270678405
405.44732268434859179
532.93534093464575108
744.75518432633066368
1146.57221708046768072
2106.31759573095996529
5957.44691603146020498
