38.94304660093268922
39.22555016494266766
39.51151661964959771
39.80100560406681609
40.09407808417291363
40.39079638917583281
40.69122424895439849
40.99542683272093768
41.30347078895164969
41.61542428663261717
41.93135705787197764
42.25134044193035265
42.74060857676829528
43.23946923794480313
43.74818748512143429
44.26703786861121159
44.79630484803104196
45.33628323295533846
45.88727864691618663
46.44960801618830715
47.02360008489973353
47.60959595811736733
48.20794967467560355
49.04006778175060077
49.89656558275070353
50.77845392034447514
51.68679816506383418
52.62272185382991552
53.58741061893250901
54.58211643454697537
55.60816221077367061
56.66694676843309253
57.75995023149913976
58.88873987815408384
60.38991823905000444
61.95631077925965968
63.59195078766417453
65.30119801124533296
67.08877154116976271
68.95978668696841396
70.91979640745222468
72.97483796067479034
75.13148554650477706
77.39690984793620032
79.77894553573520398
83.03011579561038502
86.50904367807758888
90.23869838714533387
94.24511548876867550
98.55791250317946606
103.21091017996056394
108.24288526331525873
113.69848793740354154
119.62936696634901068
126.09555873578327123
133.16721428601391608
153.60542778366556149
179.87492300484936436
214.60252603079820233
262.15960583261539796
330.32130395586494842
434.17686232768943455
606.73285775612123416
934.06916539502572050
1715.91960486421930909
4853.22623904474858136
