15.00000030590226885
15.07298935726987033
15.14669220211276190
15.22111936265339516
15.29628156895003954
15.37218976405373816
15.44885510931957384
15.52628898987766881
15.60450302026954361
15.68350905025569730
15.76331917080050538
15.84394572024080716
15.96682950607045548
16.09163433576887670
16.21840561178135687
16.34719017865160140
16.47803638073595778
16.61099412271175169
16.74611493303882526
16.88345203054378985
17.02306039430782292
17.16499683705070467
17.30932008221696705
17.50902791300282146
17.71339782696053433
17.92259500323494237
18.13679251736362374
18.35617181884343552
18.58092324378078786
18.81124656566983688
19.04735158764845337
19.28945877992250502
19.53779996642906625
19.79261906523388248
20.12897432948480869
20.47695925346347678
20.83718760013795190
21.21031709485174943
21.59705343324318605
21.99815473577615776
22.41443650804236398
22.84677717512405337
23.29612426905102396
23.76350136107051014
24.25001584547080924
24.90626144574432388
25.59901314770508307
26.33140428448117021
27.10693733068045574
27.92953991328014141
28.80363134011995641
29.73420202457457506
30.72690882027037773
31.78819011248231519
32.92540561374704566
34.14700727974035743
37.56170800771439389
41.73523111968266619
46.95213500964300124
53.65958286816343303
62.60284667952399928
75.12341601542880198
93.90427001928600248
125.20569335904799857
187.80854003857200496
375.61708007714400992
