3.97698535404797271
3.98521566290636908
3.99347783861059513
4.00177205790509039
4.01009849879863811
4.01845734057540493
4.02684876380607015
4.03527295035912026
4.04373008341219098
4.05222034746358695
4.06074392834389730
4.06930101322772142
4.08010763223936479
4.09096789002774930
4.10188216782962645
4.11285085037658593
4.12387432593415149
4.13495298634138919
4.14608722705104249
4.15727744717020631
4.16852404950151634
4.17982744058491917
4.19118803073997359
4.20489859990226300
4.21869287698926332
4.23257159340611988
4.24653548879995935
4.26058531117324968
4.27472181699900755
4.28894577133788868
4.30325794795713890
4.31765912945157382
4.33215010736645478
4.34673168232244311
4.36376976936455563
4.38093226364894228
4.39822046418437385
4.41563568746973090
4.43317926778149651
4.45085255746684627
4.46865692724243679
4.48659376649902697
4.50466448361205885
4.52287050625835363
4.54121328173901606
4.56212643172620069
4.58321855627038133
4.60449184349917662
4.62594851602845125
4.64759083162618580
4.66942108389137989
4.69144160294847179
4.71365475615765472
4.73606294884150625
4.75866862502838561
4.78147426821299693
4.80697226410428868
4.83272219998498542
4.85872762785974910
4.88499216427673222
4.91151949176028424
4.93831336028125811
4.96537758876604407
4.99271606664552703
5.02033275544517910
5.04823169041752706
5.07641698221836002
5.10742479027395024
5.13878230220940946
5.17049513760644253
5.20256903240336754
5.23500984183943618
5.26782354348730930
5.30101624037667651
5.33459416421231047
5.36856367868973194
5.40293128291200020
5.43770361491117971
5.47543569791739149
5.51364919484103932
5.55235284370134785
5.59155558682692888
5.63126657669709463
5.67149518198086078
5.71225099378156909
5.75354383209507514
5.79538375249000914
5.83778105301905903
5.88074628137034949
5.92681245856716465
5.97353895662780765
6.02093921770733953
6.06902703641676222
6.11781657113158062
6.16732235573047838
6.21755931178316068
6.26854276120726439
6.32028843941526830
6.37281250897345775
6.42613157379597588
6.48269025106924257
6.54015484479340703
6.59854592544984531
6.65788466516768462
6.71819285927799292
6.77949294878469555
6.84180804379736429
6.90516194797388216
6.96957918402340226
7.03508502032308058
7.10170549870507983
7.17168942544738197
7.24292073386061208
7.31543088762900862
7.38925237302303017
7.46441873965895919
7.54096464319004856
7.61892589003568332
7.69833948426165371
7.77924367673185646
7.86167801665947952
7.94568340569389786
8.03313897490867035
8.12232383761846144
8.21328630812316440
8.30607644117669786
8.40074610899985963
8.49734908235090636
8.59594111590297594
8.69658003819460923
8.79932584643857041
8.90424080649466099
9.01138955833396871
9.12199847637886485
9.23502874527561168
9.35055516762782091
9.46865552901836516
9.58941074438764929
9.71290501297865205
9.83922598243268709
9.96846492266605999
10.10071691020688078
10.23608102372561213
10.37466055155187483
10.51656321203391009
10.66190138766757833
10.81079237399799275
10.96335864438080776
11.11972813178162411
11.28003452889222480
11.44441760795241869
11.61302356178654982
11.78600536769652685
11.96352317599814086
12.14574472514807901
12.33087999732139473
12.52097265430572826
12.71620989660133283
12.91678808302413373
13.12291328415197356
13.33480187576298803
13.55268117563889696
13.77679012743292120
14.00738003566280376
14.24471535629207253
14.48907454780839288
14.73543868961286130
14.98910896473630139
15.25039117494368668
15.51960774216202843
15.79709882618869443
16.08322353237362634
16.37836121773755593
16.68291290490137513
16.99730281422683120
17.32198002571976048
17.65742028354378235
17.99303649120750492
18.33970742479655414
18.69794782057456572
19.06830360895232346
19.45135425723699996
19.84771532322808341
20.25804124185996002
20.68302836977674630
21.12341831578027751
21.58000158857188566
22.05362159718061932
22.52386183755573512
23.01138720354684963
23.51709785141544984
24.04195508606739295
24.58698651672766644
25.15329173431666376
25.74204857239633881
26.35452002200205612
26.99206188043592647
27.65613122539466673
28.34829581891466788
29.03018499714735867
29.74024268240014379
30.48012179811120959
31.25160207046208072
32.05660212404308140
32.89719296505155199
33.77561303897042677
34.69428507874313539
35.65583499367511422
36.66311308967936355
37.71921795929432619
38.75140666188820404
39.83199695496011827
40.96422246025243652
42.15159992238437781
43.39796010640371549
44.70748276076825789
46.08473627571423492
47.53472277992814554
49.06292955452810389
50.67538780792228437
52.37874005488075824
54.03010814963321451
55.77064381956723338
57.60723018297697706
59.54744883081536244
61.59966844995808799
63.77314704894853747
66.07815025341412252
68.52608865805743221
71.12967786730374087
73.90312566167484931
76.86235173667895992
79.70827650538068099
82.73491206500895601
85.95873268341489393
89.39819506327161491
93.07403790831554602
97.00963649679117395
101.23142425496412500
105.76939637553280704
110.65771447252433290
115.93543640499659375
121.64740214890198899
127.10048096221345304
132.97431898982728171
139.31580062760113492
146.17874750651589011
153.62521564266998553
161.72708930428106555
170.56805276221351164
180.24604720488727594
190.87635597199152926
202.59551109007375658
215.56628413251516463
227.89446952765777610
241.44534041561348658
256.39564330796054037
272.95638648696024120
291.38132211257993731
311.97802675316637533
335.12254413764458150
361.27898011250630361
391.02608813124044218
425.09388951520236333
464.41496755909287231
502.05148087360254294
545.06284998807132069
594.58856608384451192
652.09868723450597372
719.51909856411202782
799.41700350289420385
895.28272401706772143
1011.97049703686036537
1156.41157375118814343
1338.81400457714221375
1574.77709645390564219
1816.79180183998778375
2127.83879546508342173
2539.01410505696185282
3102.06520621038089303
3909.03246296014458494
5138.53829876867166604
7181.30463990203497815
11056.31669386974317604
