3.97698535404797671
4.06930101322772142
4.19118803073997359
4.34673168232244755
4.54121328173901784
4.78147426821300048
5.07641698221836268
5.43770361491118503
5.88074628137036282
6.42613157379598299
7.10170549870508694
7.94568340569391118
9.01138955833397937
10.37466055155188371
12.14574472514808434
14.48907454780840176
17.65742028354380011
22.05362159718065840
28.34829581891467853
37.71921795929429067
52.37874005488078666
76.86235173667891729
121.64740214890191794
215.56628413251524989
464.41496755909281546
1574.77709645390564219
