3.04858735157373939
3.05335848479905936
3.05814457537437701
3.06294569374633774
3.06776191080466987
3.07259329788567781
3.07743992677576061
3.08230186971497000
3.08717919940059771
3.09207198899080016
3.09698031210825553
3.10190424284385680
3.10811734187208399
3.11435538046807858
3.12061850909609628
3.12690687943319601
3.13322064438148695
3.13955995808051780
3.14592497591982490
3.15231585455162433
3.15873275190366787
3.16517582719224855
3.17164524093537015
3.17944454116365716
3.18728229401270413
3.19515878455770341
3.20307430069876720
3.21102913319600614
3.21902357570513287
3.22705792481359666
3.23513248007726162
3.24324754405763649
3.25140342235966795
3.25960042367010239
3.26916586375681995
3.27878760947994774
3.28846615945999465
3.29820201822235015
3.30799569628495149
3.31784771024752123
3.32775858288240345
3.33772884322703156
3.34775902667806413
3.35784967508722421
3.36800133685887371
3.37955754706260070
3.39119333312068205
3.40290951980965506
3.41470694334360880
3.42658645157313657
3.43854890418845294
3.45059517292678430
3.46272614178413241
3.47494270723151821
3.48724577843582395
3.49963627748533979
3.51346426117801380
3.52740195436523774
3.54145066787912999
3.55561173351810922
3.56988650446776301
3.58427635573189640
3.59878268457404582
3.61340691096975775
3.62815047806994428
3.64301485267562164
3.65800152572437343
3.67445409931227207
3.69105533885590686
3.70780726852566245
3.72471194940641448
3.74177148034288809
3.75898799880835632
3.77636368179742821
3.79390074674371647
3.81160145246319315
3.82946810012407290
3.84750303424410856
3.86702555191974273
3.88674719740950536
3.90667103295769991
3.92680018392157537
3.94713784040569404
3.96768725894735752
3.98845176425495174
4.00943475100116675
4.03063968567311548
4.05207010848148119
4.07372963533088406
4.09688823269653479
4.12031164241921655
4.14400443270457952
4.16797127743912021
4.19221695926398574
4.21674637275668918
4.24156452772518033
4.26667655261893852
4.29208769806194468
4.31780334051267545
4.34382898605644918
4.37134968136172031
4.39922131947230799
4.42745065627653922
4.45604462218993636
4.48501032782763343
4.51435506989946944
4.54408633733802780
4.57421181767043805
4.60473940364532375
4.63567720012689666
4.66703353126884224
4.69985728341026832
4.73314601178539718
4.76690966704684982
4.80115848581709148
4.83590300103580528
4.87115405275983715
4.90692279943895837
4.94322072969209092
4.98005967461009558
5.01745182061281181
5.05540972288968415
5.09477141771109654
5.13475086699201455
5.17536272859564939
5.21662212781110401
5.25854467613533494
5.30114649096808499
5.34444421627198274
5.38845504425343691
5.43319673812366588
5.47868765600316365
5.52494677603718287
5.57249092688170666
5.62086044932448825
5.67007702436805516
5.72016309908305587
5.77114192074474541
5.82303757281124756
5.87587501286060210
5.92968011261212791
5.98447970016695319
6.04030160461260568
6.09717470314747967
6.15512897089284028
6.21419553357289445
6.27440672325746807
6.33579613737702374
6.39839870123636789
6.46225073427144636
6.52739002031333637
6.59385588214505969
6.66168926066036349
6.73093279895928465
6.80163093174349420
6.87307345333469311
6.94603273302544455
7.02055759128063350
7.09669896649226839
7.17451003108850571
7.25404631536575994
7.33536583964992062
7.41852925544770336
7.50359999630977548
7.59064443919427667
7.67973207719340945
7.76901630253722786
7.86040097651091330
7.95396110224923003
8.04977529686738080
8.14792601178687903
8.24849976937895768
8.35158741735303778
8.45728440246228885
8.56569106525959079
8.67691295781717820
8.79106118652465440
8.90451595489005676
9.02093743638914347
9.14044353683389232
9.26315849381069967
9.38921330750030769
9.51874620715908115
9.65190315675370236
9.78883840363766211
9.92971507460561043
10.07470582416817173
10.22399354046384978
10.37112734568857597
10.52255779832305116
10.67847589520471985
10.83908412382344899
11.00459733963496944
11.17524372500040464
11.35126583875176287
11.53292176653552659
11.72048638340727500
11.91425274166770620
12.11453359867741142
12.31021618993537459
12.51232417849004186
12.72117932165519427
12.93712522445916235
13.16052922602480812
13.39178448483301054
13.63131228777045756
13.87956461149056508
14.13702696884991283
14.40422157813637227
14.68171089861773737
14.95038523483445658
15.22907632201533978
15.51835496933650838
15.81883619618627534
16.13118359688095538
16.45611423289181730
16.79440412849188391
17.14689445847692184
17.51449853182001348
17.89820969332199141
18.29911028719253707
18.68360562200618347
19.08460554403941956
19.50319605902307885
19.94056058859544933
20.39799114376261713
20.87690107236121762
21.37883964542718473
21.90550879958160380
22.45878241661952401
23.04072860050519722
23.65363550991226305
24.23565289288481139
24.84703485984261917
25.49006122426718690
26.16725407028287975
26.88141081291092860
27.63564282390224491
28.43342074780798967
29.27862790039812424
30.17562348273373374
31.12931778244491099
32.14526210073666590
33.10037230419576559
34.11397760596384643
35.19162150081889706
36.33957079785771782
37.56493757093636532
38.87582664305420366
40.28151506755079225
41.79267200861586673
43.42163004365480816
45.18272248646607636
47.09270626725489706
48.87279055283323714
50.79273432679184452
52.86969452672021674
55.12375398246058467
57.57857290799275773
60.26222258359183570
63.20826357544629559
66.45715647699384476
70.05813129558261210
74.07169941214104369
78.57308146071348176
82.76388331775763163
87.42691647232544483
92.64676503044304923
98.52949622532169371
105.20994335804584807
112.86216699437061095
121.71483948799455277
132.07448614115165242
144.36169945817241000
159.16964152272262822
177.36266716336479021
195.09893387970129197
216.77659319966809903
243.87366734962660075
278.71276268528754372
325.16488979950213434
390.19786775940258394
487.74733469925320151
650.32977959900438236
