5.00671534848912447
5.02889749041214174
5.05127706202411986
5.07385671090882884
5.09663913220232256
5.11962706966534142
5.14282331678486671
5.16623071790575583
5.18985216939343008
5.21369062082859358
5.23774907623503960
5.26203059534160644
5.29136764918278146
5.32103365893213365
5.35103418865040759
5.38137492859280897
5.41206169880706334
5.44310045285528776
5.47449728166467064
5.50625841751219447
5.53839023814887454
5.57089927106925309
5.60379219793213590
5.64215026916191675
5.68103708319773038
5.72046364851169287
5.76044128130808097
5.80098161635198117
5.84209661825844062
5.88379859326512111
5.92610020151278505
5.96901446985936790
6.01255480525487407
6.05673500870594328
6.10672799281908674
6.15755314134025866
6.20923140649444605
6.26178444983963889
6.31523467254095028
6.36960524720860199
6.42492015139482398
6.48120420285141563
6.53848309665687299
6.59678344432978392
6.65613281505356991
6.72154429001294584
6.78825415427921985
6.85630145407152547
6.92572681710184845
6.99657253346328911
7.06888264153422874
7.14270301926509887
7.21808148124534732
7.29506788198217926
7.37371422585983094
7.45407478428901893
7.54057246166200468
7.62910115902496688
7.71973326063639309
7.81254463174669134
7.90761483039767832
8.00502733487679485
8.10486978819280779
8.20723426107787724
8.31221753517486128
8.41992140824065949
8.53045302338870748
8.64687044684857398
8.76650939613254110
8.88950546740618641
9.01600197489833910
9.14615050796319551
9.28011153709718251
9.41805507400440156
9.56016139141928001
9.70662180909476646
9.85763955316196672
10.01343069697824362
10.17422519262347969
10.34026800340011398
10.51182034906704210
10.68916107712057695
10.87258817526334553
11.06242044231680666
11.25899933728618763
11.46269102913908888
11.67388867318446977
11.89301494382610613
12.12052485802103874
12.35089502647238113
12.59019197777859489
12.83894482921443014
13.09772535740076371
13.36715238592937460
13.64789672589568070
13.94068675237065769
14.24631471440581088
14.56564389366548795
14.89961674789263313
15.24926420098473656
15.59700283043397739
15.96097095985363801
16.34233192029264359
16.74236294784531864
17.16246947442181536
17.60420162543614353
18.06927333253172208
18.55958455805925311
19.07724723885643670
19.62461569633451930
20.20432243640763659
20.77157387647784859
21.37159743376673404
22.00731762949983050
22.68201762460419957
23.39939593431538256
24.16363425678308019
24.97947904239487116
25.85234016482362662
26.78841102837633414
27.79481574897622664
28.87979080654327646
29.92838491730820394
31.05599464649227670
32.27190086721488171
33.58689713864357174
35.01361098755297263
36.56691070746514072
38.26442546474384443
40.12721732377076478
42.18065961061320479
44.45559951471598481
46.98991835523898430
49.43761381535632182
52.15432203128450794
55.18697033595027790
58.59407476322200381
62.44955271849040912
66.84814690729005804
71.91331513130900532
77.80900107021949452
84.75771218181428424
93.06923414672606043
103.18807697817688052
113.50688467599456999
126.11876075110507145
141.88360584499321249
162.15269239427794901
189.17814112665760717
227.01376935198911156
283.76721168998636813
378.35628225331510066
567.53442337997273626
1135.06884675994547251
