38.94304660093274606
39.17929898592461768
39.41797126631624337
39.65909823916032906
39.90271534741885517
40.14885869467717328
40.39756506025592842
40.64887191473323469
40.90281743588973029
41.15944052509060214
41.41878082411745510
41.68087873246523145
42.08535238299855052
42.49646406030196033
42.91436710024399304
43.33921942246927728
43.77118369898946071
44.21042753015149174
44.65712362835796512
45.11145000993680299
45.57359019557980417
46.04373341979485446
46.52207484984276675
47.19690076270731538
47.88831629520352351
48.59689747569012752
49.32324630328765380
50.06799219343088225
50.83179351948137992
51.61533925784141275
52.41935074467048850
53.24458355303329427
54.09182950010595192
54.96191879495034271
56.14445525261749026
57.37025529341626395
58.64156588283459826
59.96078627607504785
61.33048082572949511
62.75339308217230183
64.23246133959634108
65.77083580144710595
67.37189756306364075
69.03927963717160310
70.77689028016351358
73.23316246703949162
75.83545270428862750
78.59620186540757913
81.52924753416354520
84.65002055078832655
87.97577510215288044
91.52585913941805984
95.32203350439408496
99.38885017615197626
103.75410264553137552
108.44936476662633140
125.08668295854178609
146.47123851492153790
174.74154953589689399
213.45638422381924215
268.94555870121797625
353.49338091766873049
493.97087207138429221
760.45667118578512600
1396.96776151066819693
3951.08515867039159275
