15.00000030590228484
15.06105187436243042
15.12260244634376782
15.18465816484096109
15.24722527409544703
15.31031012168996419
15.37391916069528719
15.43805895187070298
15.50273616591978865
15.56795758580315336
15.63373010910978067
15.70006075048875260
15.80214738472555602
15.90557030543291361
16.01035592290613252
16.11653134801816023
16.22412441560466334
16.33316370879212798
16.44367858431359863
16.55569919885920172
16.66925653651110650
16.78438243731535806
16.90110962704594044
17.06509804915071271
17.23229995131040582
17.40281072409430152
17.57672957129889824
17.75415970241300201
17.93520853685885541
18.11998792085856991
18.30861435784582270
18.50120925342028499
18.69789917592697037
18.89881613383582248
19.17017510471587016
19.44944022085588742
19.73696211288863012
20.03311245610037261
20.33828557334269860
20.65290018671776195
20.97740133439985399
21.31226247104563853
21.65798777264025787
22.01511466937638417
22.38421663332837852
22.90083279133258642
23.44185878387828126
24.00906649858679742
24.60440356841876053
25.23001571491415262
25.88827258907373263
26.58179776577416931
27.31350369204474404
28.08663257076466735
28.90480439008470626
29.77207359939174580
32.74928095933092465
36.38808995481213771
40.93660119916365403
46.78468708475845972
54.58213493221820301
65.49856191866184929
81.87320239832730806
109.16426986443640601
163.74640479665461612
327.49280959330923224
