0.03481728571547612
0.07003239715832191
0.10564703042247939
0.14166283625029955
0.17808141963069454
0.21490433942934459
0.25213310805122197
0.28976919113565097
0.32781400728406107
0.36626892782054904
0.40513527658531645
0.46958012439031949
0.53513380922940135
0.60180129279805528
0.66958719343419826
0.73849578621081013
0.80853100363324348
0.87969643692948718
0.95199533791947477
1.02543062144753638
1.10000486836016553
1.17572032900953682
1.27343553473176518
1.37299425301880640
1.47439885114887925
1.57765089665426639
1.68275117719268952
1.78969972191178273
1.89849582415909879
2.00913806538812700
2.12162434011015977
2.23595188174248438
2.35211728920515473
2.47911352415351560
2.60822569215714495
2.73944732231345345
2.87277124877742107
3.00818965144021977
3.14569409649756748
3.28527557672744708
3.42692455131066254
3.57063098504185072
3.71638438679306482
3.86417384710650458
4.00339030772392146
4.14434752312116128
4.28703591588626232
4.43144569703468250
4.57756688831087732
4.72538934364086671
4.87490276971502379
5.02609674568615095
5.17896074197368428
5.33348413816981193
5.48965624004823916
5.61389507817749678
5.73914605097275388
5.86540386360846089
5.99266321347767228
6.12091879417795326
6.25016529929833364
6.38039742601118309
6.51160987847336692
6.64379737104119084
6.77695463130394860
6.91107640294090331
6.99356999288884396
7.07642113648060977
7.15962864290103873
7.24319132471603400
7.32710799806055935
7.41137748281874931
7.49599860279627350
7.58097018588519411
7.66629106422140882
7.75196007433492351
7.83797605729308788
