0.03906330136717739
0.07812660273435477
0.11718990410153216
0.15625320546870955
0.19531650683588694
0.23437980820306434
0.27344310957024170
0.31250641093741910
0.35156971230459649
0.39063301367177389
0.42969631503895128
0.49357345485087467
0.55745059466279812
0.62132773447472145
0.68520487428664478
0.74908201409856812
0.81295915391049145
0.87683629372241478
0.94071343353433812
1.00459057334626145
1.06846771315818478
1.13234485297010812
1.21339370177935613
1.29444255058860413
1.37549139939785214
1.45654024820710015
1.53758909701634816
1.61863794582559617
1.69968679463484418
1.78073564344409219
1.86178449225334020
1.94283334106258820
2.02388218987183599
2.11105955066687656
2.19823691146191713
2.28541427225695770
2.37259163305199827
2.45976899384703884
2.54694635464207941
2.63412371543711998
2.72130107623216055
2.80847843702720112
2.89565579782224169
2.98283315861728227
3.06388200742653005
3.14493085623577784
3.22597970504502563
3.30702855385427341
3.38807740266352120
3.46912625147276898
3.55017510028201677
3.63122394909126456
3.71227279790051234
3.79332164670976013
3.87437049551900792
3.93824763533093147
4.00212477514285503
4.06600191495477858
4.12987905476670214
4.19375619457862570
4.25763333439054925
4.32151047420247281
4.38538761401439636
4.44926475382631992
4.51314189363824347
4.57701903345016703
4.61608233481734409
4.65514563618452115
4.69420893755169821
4.73327223891887527
4.77233554028605234
4.81139884165322940
4.85046214302040646
4.88952544438758352
4.92858874575476058
4.96765204712193764
5.00671534848911470
