12.66463757225210784
12.88132081071455382
13.10451129072652066
13.33448491555339999
13.57153276846257839
13.81596214597639438
14.06809767533750666
14.32828252420900661
14.59687971150854580
14.87427352926130197
15.16087108646621751
15.45710398721941203
15.87402897781039712
16.31064886524294977
16.76828607359436063
17.24837922186363670
17.75249585406563213
18.28234685162195561
18.83980278986351564
19.42691254760593367
20.04592453559840948
20.69931097842971823
21.38979576804102223
22.23408802011129737
23.13659868159602340
24.10308960808562873
25.14007673151349564
26.25495431075053077
27.45614412245885561
28.75327555166485638
30.15740420841479974
31.68127890260143431
33.33966975288118562
35.14977417048338282
37.13172285087277658
39.30921531586319162
41.71032484432440413
44.36852710638511610
47.32402743446666449
50.62549143872464441
54.33232731807667903
58.51773323891853806
63.27282175266584119
68.71228566506805180
74.98231052883420489
81.25166958118688854
88.44961414303124059
96.78067621504732188
106.51118498210830410
117.99372422891100598
131.70391301102426951
148.29727390390439723
168.70000374914701524
194.25931177296220653
227.00346889735484979
270.11556510887811555
311.60728435407958159
364.93520139624104104
435.43107232776992532
531.96758527812380635
670.32612064157626719
881.13358779240184049
1231.38391415566479736
1895.79440271997236778
3482.73745542684264365
9850.56853440652957943
