7.00091146645377727
7.08326598203383995
7.16758109901809348
7.25392767445637521
7.34238002144200319
7.43301612242292364
7.52591785850930961
7.62117125619484703
7.71886675305428138
7.81909948414212863
7.92196959099900866
8.02758255537536414
8.17502949050829564
8.32799424912239949
8.48679247285050131
8.65176434592691379
8.82327702785159218
9.00172738125738015
9.18754503763635277
9.38119585077389218
9.58318579632566170
9.79406538625958589
10.01443467925514774
10.28058631677332180
10.56127111748553027
10.85771286484852816
11.17127671067239447
11.50349019531119943
11.85606813342247357
12.23094222086673888
12.63029644180136835
13.05660964639554145
13.51270705257027060
14.00182293290754920
14.52767742723144906
15.09457133931013040
15.70750402954235447
16.37232124636151909
17.09590215842765204
17.88639827582299802
18.75354186952706925
19.70904867609169386
20.76715032013827056
21.94530796854864008
23.26518351616586244
24.54837314179583885
25.98137407421844358
27.59204825833901609
29.41562328971400220
31.49729866454081417
33.89604293696366000
36.69026899222311755
39.98656856155329820
43.93361981081510237
48.74523389144345487
54.74040845823763135
60.21444930406139662
66.90494367117933905
75.26806163007674400
86.02064186294485637
100.35741550676900147
120.42889860812279323
150.53612326015348799
200.71483101353794609
301.07224652030697598
602.14449304061395196
