3.04858735157374072
3.08696757910127806
3.12632650464151896
3.16670204694314927
3.20813410921936448
3.25066471068923768
3.29433812872281617
3.33920105260076827
3.38530275001106151
3.43269524753083788
3.48143352648346482
3.53157573572085637
3.59655982603660984
3.66398027599672016
3.73397671777151352
3.80669966143787297
3.88231157531050730
3.96098809763316417
4.04291939864965322
4.12831171528834684
4.21738908453176720
4.31039530614251820
4.40759617094998735
4.52150034165993109
4.64144787090811839
4.76793282473618341
4.90150463346813492
5.04277607027235497
5.19243265042237301
5.35124375542199360
5.52007586293187913
5.69990836271577894
5.89185256819522696
6.09717470314748500
6.31732386825328174
6.55396629328557090
6.80902758727130486
7.08474525365729058
7.38373450289420497
7.70907146374969710
8.06439940696862223
8.45406576486836592
8.88330089200296236
9.35845419552870261
9.88731032942835952
10.41411774510466337
11.00022241345396878
11.65623311053522748
12.39544976791288988
13.23477459475044959
14.19602025033258919
15.30783274206351052
16.60859469708253400
18.15094630197894787
20.00908313064627819
22.29104771961554476
24.52015249157710031
27.24461387953011382
30.65019061447137716
35.02878927368156781
40.86692081929516718
49.04030498315420061
61.30038122894275432
81.73384163859034857
122.60076245788550864
245.20152491577101728
