3.97698535404799092
3.98694458100479343
3.99695048572197731
4.00700338168739201
4.01710358510523413
4.02725141492474847
4.03744719286933229
4.04769124346595888
4.05798389407500970
4.06832547492045382
4.07871631912041366
4.08915676271812067
4.10276288549657497
4.11645364324449137
4.13022979007732527
4.14409208878050972
4.15804131093116158
4.17207823702180391
4.18620365658609828
4.20041836832673177
4.21472318024537707
4.22911890977488092
4.24360638391362954
4.26142779128046101
4.27938886960228171
4.29749118586359824
4.31573632973226751
4.33412591396050395
4.35266157479430582
4.37134497239143016
4.39017779124814123
4.40916174063496857
4.42829855504167380
4.44758999463166038
4.47039640947796535
4.49342054681102354
4.51666537924298961
4.54013393174665580
4.56382928278232747
4.58775456545334936
4.61191296869115153
4.63630773847064770
4.66094217905691632
4.68581965428407177
4.71094358886730724
4.73977873686631934
4.76894144627240912
4.79843703227149465
4.82827092129798885
4.85844865388106406
4.88897588757706902
4.91985839999105323
4.95110209189062100
4.98271299041525761
5.01469725238465536
5.04706116770944391
5.08334853108412688
5.12011820365478609
5.15737932857143644
5.19514127250902114
5.23341363235117996
5.27220624211054023
5.31152918009540809
5.35139277633294164
5.39180762025938431
5.43278456868861248
5.47433475407055248
5.52003455546853239
5.56643625256602359
5.61355519403471703
5.66140716132214727
5.71000838358846785
5.75937555325445327
5.80952584218967427
5.86047691857140318
5.91224696444651521
5.96485469403038682
6.01831937277871099
6.07616641972972626
6.13503061868905242
6.19493738505365066
6.25591295307457518
6.31798440818534068
6.38117972084575058
6.44552778198372511
6.51105844012280421
6.57780254028839817
6.64579196479195389
6.71505967599821751
6.78893184786263681
6.86428083575133385
6.94114851184159853
7.01957827960648117
7.09961514253523074
7.18130577652223590
7.26469860615233909
7.34984388512661013
7.43679378109003864
7.52560246514175191
7.61632620632854085
7.71182990646286903
7.80949352053039902
7.90938620254436398
8.01157996456936949
8.11614982194086743
8.22317394727942919
8.33273383392066158
8.44491446943171020
8.55980451994006053
8.67749652606031496
8.79808711126970167
8.92351491922342888
9.05214120500564867
9.18408127317328216
9.31945580138470042
9.45839114891984778
9.60101968635851044
9.74748014811064856
9.89791800964758473
10.05248589145485560
10.21134399191667441
10.37466055155191036
10.54261235125316176
10.71538524743802157
10.89317474730705726
11.07618662771965568
11.26463760155246341
11.45875603579683677
11.65878272609036159
11.86497173286603868
12.07759128484906164
12.29692475624272419
12.52327172463055938
12.75351352706717556
12.99119610138340519
13.23665926770413925
13.49026300271534673
13.75238892017222447
14.02344188174623874
14.30385175163699962
14.59407530996343105
14.89459834175059250
15.20593792037565173
15.52864490666573971
15.85340368406541423
16.19000538185833449
16.53906122323062888
16.90122352550308804
17.27718912906178872
17.66770316974657007
18.07356323501100093
18.49562394961336054
18.93480204288013269
19.39208195684615177
19.86852206298850732
20.34288719417862623
20.83686871351201120
21.35161762631727456
21.88837318248000940
22.44847129065738045
23.03335389740631811
23.64457946117342146
24.28383467129109619
24.95294758589147932
25.65390239070398337
26.38885601391134728
27.11272271349245244
27.87081719103223421
28.66544352940572438
29.49910908069043103
30.37454682311259191
31.29474068307211709
32.26295428540720422
33.28276367880057762
34.35809468425448898
35.49326563691327152
36.69303644026621924
37.86168918576299092
39.09434128891048488
40.39600188278346593
41.77219562935390940
43.22902908139835887
44.77326738142860307
46.41242320110282549
48.15486023179858677
50.00991404413124997
51.98803376898413831
54.10094885156396316
56.13589706932527434
58.30244955596252510
60.61282751589029516
63.08075091863533146
65.72166942732263806
68.55303658779189391
71.59463690641533162
74.86897794737666345
78.40176283285397574
82.22246278868227876
86.36501499946437832
90.31032003349245940
94.56638378182238114
99.16857205956671351
104.15759884117919398
109.58054906548221652
115.49214092462055703
121.95629475116410845
129.04809775982371889
136.85628453616976685
145.48639604672140990
155.06484072035797794
164.10218562895352079
174.05408966062935860
185.05555341452276252
197.26832439101585237
210.88767145953784166
226.15128481831564500
243.35110985465780686
262.84929035206010894
285.09996026161127247
310.67950726073496526
340.32934935969069556
368.30191385427718842
400.32997447545591285
437.28716607364162883
480.30491454987605948
530.87191355089680656
590.98237819826579198
663.36291607418672811
751.83037527500914621
861.87638597572572507
1001.66210383341501711
1183.79527922280817620
1365.71885896839830821
1599.53456497350703103
1908.61754565805540551
2331.86682138540982123
2938.46992641618999187
3862.69888275885341500
5398.26275989765599661
8311.14163175270550710
