38.94304541838869937
39.09573684019582629
39.24943762574888240
39.40415712853501873
39.55990481376539947
39.71669026001034553
39.87452316086326931
40.03341332663325858
40.19337068606718333
40.35440528810204341
40.51652730364796184
40.67974702740241355
40.89744583427524560
41.11710970504877594
41.33876353094189682
41.56243260998057565
41.78814265515335080
42.01591980276069904
42.24579062096375992
42.47778211853768937
42.71192175383549738
42.94823744396839516
43.18675757420822947
43.49000938071134215
43.79685455868566635
44.10735293368428955
44.42156561786035240
44.73955504394682947
45.06138500030156990
45.38712066705693360
45.71682865341439594
46.05057703612551734
46.38843539920407011
46.73047487491378860
47.15080208802388029
47.57751275810605307
48.01074329517378203
48.45063387976004066
48.89732859108210761
49.35097554038658529
49.81172700971845302
50.27973959636953794
50.75517436327679377
51.23819699565495966
51.72897796416324212
52.31820405738192648
52.91877041333736287
53.53098468135924293
54.15516532453735721
54.79164208793125823
55.44075649092758340
56.10286234519408310
56.77832629977768875
57.46752841500187969
58.17086276693290614
58.88873808430909662
59.73932917853251467
60.61070157395700164
61.50357255143052981
62.41869153744939069
63.35684188260204053
64.31884275747407287
65.30555117505738849
66.31786414950445874
67.35672100194457812
68.42310582504420324
69.51805011905645415
70.81495210723974765
72.15285287600833897
73.53358907652106780
74.95910451018991694
76.43145786912475614
77.95283114619303433
79.52553878243458030
81.15203762744448568
82.83493779724626904
84.57701452427625100
86.38122110556793132
88.56735525136977571
90.84756889470099850
93.22762682470337836
95.71375606436780004
98.31269199023782335
101.03172999077060012
103.87878344527351260
106.86244893284020918
109.99207973190419807
113.27786885087610358
116.73094304496119378
121.28976825043544352
126.15387720844712760
131.35266885677259552
136.91928490098513294
142.89120912076950276
149.31098348334620596
156.22706814354955895
163.69487975166626370
171.77805212943283664
180.54997613347845231
190.09569255915525332
219.28640213007182069
256.80475572627597103
306.40207025796820517
374.32099814043681363
471.66502492884177400
619.98269169319553384
866.40975048634038558
1333.87430224243303201
2450.41694539528225505
6930.71269960439349234
