15.00000000000001599
15.03947229199357238
15.07915287367658763
15.11904339808322462
15.15914553578584467
15.19946097512822014
15.23999142246248439
15.28073860238987081
15.32170425800532776
15.36289015114609136
15.40429806264425672
15.44592979258345800
15.50136948409099880
15.55720858580240673
15.61345142959359400
15.67010241021062456
15.72716598641443930
15.78464668215069011
15.84254908774531145
15.90087786112651180
15.95963772907385447
16.01883348849513666
16.07847000773179502
16.15413086363590978
16.23050716456743814
16.30760910654806040
16.38544708026629593
16.46403167574561266
16.54337368714750767
16.62348411771415613
16.70437418485534664
16.78605532538467671
16.86853920091012071
16.95183770338431373
17.05392095305554179
17.15724113349535784
17.26182086335519728
17.36768331614474903
17.47485223735098359
17.58335196219489660
17.69320743405393159
17.80444422357930279
17.91708854853902011
18.03116729441897448
18.14670803581607217
18.28493851413297477
18.42529106690894380
18.56781493834852625
18.71256090819509055
18.85958135205276065
19.00893030457449129
19.16066352567643705
19.31483856994903192
19.47151485944635141
19.63075376004710648
19.79261866159343342
19.98355196848425663
20.17820490733739192
20.37668724231280848
20.57911309924200793
20.78560118445017579
20.99627501688567577
21.21126317451063059
21.43069955598544141
21.65472365876621197
21.88348087482892979
22.11712280533761543
22.39226743775699902
22.67434409511935200
22.96361808889720280
23.26036844465179598
23.56488879974438788
23.87748837249898060
24.19849300954057369
24.52824631876595873
24.86711089622840731
25.21546965614552249
25.57372727428644765
26.00448230381153181
26.44999691654378893
26.91104292886596738
27.38844692549167092
27.88309520517491435
28.39593927220795067
28.92800194529348445
29.48038416631298020
30.05427260436409398
30.65094816558812951
31.27179553721751759
32.08212749011258325
32.93557213666171890
33.83566414060162231
34.78633541553731590
35.79197254536492068
36.85748446098496345
37.98838257616233705
39.19087614322715041
40.47198631126494206
41.83968331097687354
43.30305242829808066
47.63335767112788233
52.92595296791987636
59.54169708890985646
68.04765381589697881
79.38892945187981809
95.26671534225579308
119.08339417781974134
158.77785890375966460
238.16678835563948269
476.33357671127896538
