3.97698535404797804
4.01466533134510506
4.05301723519370594
4.09205832651953116
4.13180644132367281
4.17228001418769701
4.21349810291792881
4.25548041439281466
4.29824733168152662
4.34181994250615055
4.38622006912475459
4.43147029971747575
4.48900176385063876
4.54793277162321452
4.60831230939470071
4.67019158872239970
4.73362417060389973
4.79866609796775467
4.86537603704905575
4.93381542834281639
5.00404864788998172
5.07614317971880613
5.15016980033948801
5.23845174834112104
5.32954886877742240
5.42359005952029349
5.52071188403374524
5.62105913321283612
5.72478543637309834
5.83205392641201303
5.94303796475359292
6.05792193235536924
6.17690209381524191
6.30018754247801116
6.43962116977076082
6.58473487047494821
6.73586003310697912
6.89335320109966343
7.05759843586756652
7.22900994623955473
7.40803501951609178
7.59515729479847312
7.79090042556554252
7.99583218592464018
8.21056908376195160
8.44243537507250785
8.68618637224884971
8.94269296724105978
9.21290940972363970
9.49788324388084604
9.79876667599923934
10.11682961620686072
10.45347468572678551
10.81025453988873153
11.18889192963843193
11.59130301396985807
12.00777778241746674
12.45098909080039817
12.92339434044501090
13.42774811671998769
13.96714731191324788
14.54508458064703547
15.16551195578008659
15.83291692081074409
16.55241384092137835
17.32985444543757581
18.17196209373514648
19.00921619260867246
19.91451221806421756
20.89582248392995112
21.96236063498105295
23.12482640488818220
24.39570952833447848
25.78966993654894324
27.32401721190500865
29.01932044707810121
30.90019121262819368
32.99629890797454124
35.00221318773713364
37.22235687113796132
39.69012991667673163
42.44593786268876556
45.53907532927891566
49.03023864875711979
52.99492319970960352
57.52808540868311837
62.75064553316844496
68.81872395726175284
75.93702822711924227
82.52489247599856981
90.12737848291443754
98.97745226602337709
109.38166349251193310
121.75068883791522012
136.64607703625082991
154.85398961631636894
177.50567249200346964
206.28250196478012413
243.78236266621817663
294.21386788154620717
339.40987582350578577
397.49864840907264352
474.28787625823377994
579.44225838868806022
730.15188011914347044
959.77751817769024001
1341.29320811429579408
2065.01209966303986221
3793.61188022499663930
10729.85701537288332474
