3.04858735157374294
3.07040197006945093
3.09253103409647467
3.11498139184607936
3.13776009182262872
3.16087439022161343
3.18433175863620344
3.20813989210951123
3.23230671755080134
3.25684040253498441
3.28174936450590682
3.30704228040523329
3.33906624489607440
3.37171648637396437
3.40501155794429478
3.43897075285504972
3.47361414177692929
3.50896261235970153
3.54503791122861234
3.58186268859826562
3.61946054569630604
3.65785608520554861
3.69707496495109433
3.74357920223635166
3.79126826471570499
3.84018801674164179
3.89038672081074788
3.94191519638173826
3.99482699148423848
4.04917856833650447
4.10502950432465497
4.16244270984735820
4.22148466470055794
4.28222567486959349
4.35040086745553189
4.42078194575815431
4.49347773120096150
4.56860432276227524
4.64628571568782966
4.72665448441614444
4.80985253762857923
4.89603195446998019
4.98535591230615882
5.07799971792552185
5.17415195589589505
5.27695134698639290
5.38391835003978869
5.49531164879585976
5.61141178796978313
5.73252353239183332
5.85897853839179739
5.99113838673079790
6.12939803548545559
6.27418976232665493
6.42598767907591029
6.58531291786224227
6.74813775620388423
6.91921856252949929
7.09919959353495766
7.28879392912280011
7.48879291468558872
7.70007720178259270
7.92362971204730471
8.16055092686597838
8.41207700462472552
8.67960135498969443
8.96470046509318941
9.24363608684572391
9.54048724798616377
9.85703724230571510
10.19531416215565756
10.55763439660261049
10.94665574634665717
11.36544273076660083
11.81754748201772109
12.30711074623481061
12.83898907464386419
13.41891648543076521
13.96227509570819691
14.55149402244342660
15.19263510358170421
15.89287776002258390
16.66078899219212062
17.50667562475758032
18.44304959374562713
19.48525099158958085
20.65229501106202292
21.96804263951317893
23.46284930963499349
24.80485560704303083
26.30969303175371010
28.00891104939688248
29.94277239430844517
32.16348417622605638
34.73998197905320495
37.76521361669507826
41.36759162079843577
45.72969153040219226
51.12017478212536048
57.95130652086734102
63.74643717295407441
70.82937463661563982
79.68304646619260723
91.06633881850582668
106.24406195492348104
127.49287434590817725
159.36609293238524288
212.48812390984699050
318.73218586477048575
637.46437172954097150
