12.66463757225205455
12.78349839151836598
12.90430683513989862
13.02710771709852189
13.15194718194926260
13.27887275341541695
13.40793338509631383
13.53917951339471415
13.67266311277669644
13.80843775348339086
13.94655866182115211
14.08708278316386142
14.26713291870344946
14.45119005814519220
14.63937969244790516
14.83183239941853593
15.02868409804661098
15.23007631801285910
15.43615648542636976
15.64707822592822772
15.86300168639153618
16.08409387654629796
16.31052903196730952
16.58333193180563114
16.86405269526472139
17.15301562045751993
17.45056225900264835
17.75705255167943619
18.07286605351977826
18.39840325656231457
18.73408701936305576
19.08036411332756188
19.43770689701891285
19.80661513081829384
20.22930577658014428
20.66759491994414333
21.12229784656713960
21.59428541653873523
22.08448876682987461
22.59390449134266987
23.12360035541086489
23.67472160939215797
24.24849797499960857
24.84625138844937808
25.46940459661329115
26.15340726386263981
26.86908648934806365
27.61852963186283461
28.40400423409337449
29.22797740575953185
30.09313771992068354
31.00242000605187798
31.95903349123287285
32.96649382218355129
34.02865959902876369
35.14977417048338282
36.33451358452825275
37.58804176482497894
38.91607419901347953
40.32495169079054875
41.82172605632275264
43.41426005397446630
45.11134434649873270
46.92283493550164764
48.85981531707202663
50.93478863528269329
53.16190642409331701
55.43682356444998760
57.87973719976343290
60.50852816407127932
63.34360065114645977
66.40833150545580565
69.72961721304186256
73.33854395314413921
77.27121379929356237
81.56977061612782620
86.28368349194578002
91.47136529489181100
96.62013170175211485
102.27216245487517199
108.49909290614968427
115.38622258839326662
123.03584150138405562
131.57155756347884790
141.14398977081921771
151.93834969935335266
164.18467281559171056
178.17182878522152123
194.26701808615140976
209.99608691465678589
227.97086417848285578
248.66727488714101924
272.69925476858742286
300.87102345923443636
334.25448148075292920
374.30677237089332721
423.05413909213081070
483.38929031121205071
559.57158343103924381
658.10824814120542214
759.23618662277056046
889.21048273298322329
1061.02519711712034223
1296.30399466595508784
1633.50770105177230107
2147.27713200421840156
3000.88300053341845341
4620.12806850275774195
8487.67320649620887707
-nan(ind)
