7.00091146645375684
7.04614817074655608
7.09197327501067143
7.13839833449424699
7.18543520900828359
7.23309607302744961
7.28139342619554686
7.33034010425470761
7.37994929041837455
7.43023452720924116
7.48120972878447255
7.53288919377178079
7.59883968744050176
7.66595517463329834
7.73426679925794147
7.80380682530156111
7.87460868764156352
7.94670704564782326
8.02013783975671934
8.09493835121102201
8.17114726517427847
8.24880473744416065
8.32795246500654507
8.42279885427179487
8.51983052755352510
8.61912388925751927
8.72075894757404591
8.82481952948890580
8.93139351137413406
9.04057306649146675
9.15245493087373596
9.26714068919618050
9.38473708241333959
9.50535633911972333
9.64260863446751415
9.78388270252197501
9.92935794087838630
10.07922457792872883
10.23368450274895558
10.39295217247988745
10.55725560577747757
10.72683747201019600
10.90195628714524645
11.08288772871804184
11.26992608395275752
11.47343359234063875
11.68442596237322384
11.90332386182580571
12.13058008374235008
12.36668267277366695
12.61215842385806063
12.86757680602857512
13.13355437285952654
13.41075973145158606
13.69991915425687878
14.00182293290754743
14.31733259108713341
14.64738909506900377
14.99302222671480678
15.35536131558667527
15.73564756578895363
16.13524826102225518
16.55567319042472718
16.99859371109578987
17.46586495465726685
17.95955179993340778
18.48195937859190252
19.00802718984030193
19.56492024204025526
20.15542964207824639
20.78269394896808109
21.45025497640943613
22.16212470686529201
22.92286598707096701
23.73769043413286184
24.61257799246838118
25.55442394115424065
26.57122099734410270
27.56145961770544872
28.62836241857437969
29.78119091311474520
31.03076100630784140
32.38978337546223685
33.87329739119304151
35.49923000874559875
37.28912373725270868
39.26909653066428518
41.47112463596287313
43.93478269920043999
46.27731634859949139
48.88371954215309501
51.80123771437673952
55.08911114901383854
58.82263958542977633
63.09901979566492258
68.04592912785878411
73.83449018157766375
80.69946805499661480
88.97188998999611442
99.13401938475536213
109.04742132323090686
121.16380147025657266
136.30927665403862648
155.78203046175843838
181.74570220538484477
218.09484264646181373
272.61855330807725295
363.49140441076963270
545.23710661615450590
1090.47421323230901180
