0.00995524047596846
0.01994316939862348
0.02996382804057849
0.04001725737057896
0.05010349805260852
0.06022259044501290
0.07037457459964203
0.08055949026100730
0.09077737686546025
0.10102827354038611
0.11131221910341664
0.12507839252918831
0.13890350205399452
0.15278763715953320
0.16673088633687230
0.18073333708357056
0.19479507590089926
0.20891618829116876
0.22309675875515392
0.23733687078962684
0.25163660688498801
0.26599604852300424
0.28388289008295575
0.30186179022900872
0.31993289777835254
0.33809635914361796
0.35635231832794578
0.37470091692042473
0.39314229409191381
0.41167658659123196
0.43030392874173073
0.44902445243823941
0.46783828714438397
0.49015676088666510
0.51260551822006084
0.53518475871804660
0.55789467722810593
0.58073546387023744
0.60370730403645279
0.62681037839126341
0.65004486287315288
0.67341092869701846
0.69690874235759204
0.72053846563381918
0.74756126486012442
0.77475496046041814
0.80211976796203999
0.82965589506567461
0.85736354166319950
0.88524289985750826
0.91329415398428282
0.94151748063567886
0.96991304868591433
0.99848101931873035
1.02722154605669069
1.05913087905363534
1.09125061590221617
1.12358093060295738
1.15612198601680793
1.18887393392811447
1.22183691511056303
1.25501105939605684
1.28839648574643739
1.32199330232800127
1.35580160658871773
1.38982148533811767
1.42664951877646895
1.46372249533050258
1.50104048248123645
1.53860353395031169
1.57641168983309199
1.61446497673516021
1.65276340791208298
1.69130698341233066
1.73009569022319520
1.76912950241961542
1.80840838131575143
1.84997916074247271
1.89182082938211504
1.93393329771238509
1.97631646139699790
2.01897020149627293
2.06189438468038766
2.10508886344516410
2.14855347633013860
2.19228804813879163
2.23629239016075454
2.28056630039578678
2.32644992630949998
2.37261905849632759
2.41907343353344340
2.46581277408063082
2.51283678914752029
2.56014517436175959
2.60773761223792677
2.65561377244700747
2.70377331208627369
2.75221587594933093
2.80094109679620029
2.85043012463395229
2.90020658642388440
2.95027006835301808
3.00062014522169873
3.05125638072461713
3.10217832773083879
3.15338552856267951
3.20487751527325049
3.25665380992254505
3.30871392485193550
3.36105736295691493
3.41317167572888769
3.46556284390213154
3.51823035887055102
3.57117370396870548
3.62439235472159593
3.67788577909217906
3.73165343772646896
3.78569478419616745
3.84000926523872721
3.89459632099476982
3.94945538524278517
4.00297642062121373
4.05675278256165406
4.11078393690516908
4.16506934463743317
4.21960846207879126
4.27440074107178702
4.32944562916604969
4.38474256980054822
4.44029100248318276
4.49609036296762898
4.55214008342750631
4.60567022815961291
4.65942574712966096
4.71340614391954738
4.76761091971786932
4.82203957344480649
4.87669160187485407
4.93156649975748174
4.98666375993568778
5.04198287346248453
5.09752332971524336
5.15328461650797998
5.20532429952726616
5.25755400357788272
5.30997331391474869
5.36258181493385955
5.41537909024328279
5.46836472273283203
5.52153829464238122
5.57489938762888215
5.62844758283204794
5.68218246093875923
5.73610360224610183
5.78513750796739501
5.83432377729640184
5.88366209713084043
5.93315215425973719
5.98279363539834286
6.03258622722227944
6.08252961640104051
6.13262348963081294
6.18286753366659170
6.23326143535364441
6.28380488165833562
6.32838923102023276
6.37308884286254340
6.41790350445082414
6.46283300318898757
6.50787712663391726
6.55303566250983582
6.59830839872228037
6.64369512337193857
6.68919562476807616
6.73480969144175567
6.78053711215875055
6.81938128784696840
6.85830660762793531
6.89731294333829403
6.93640016695921258
6.97556815062150193
7.01481676661062270
7.05414588737162163
7.09355538551391085
7.13304513381603389
7.17261500523028239
7.21226487288724627
7.24430216319517406
7.27639134246243824
7.30853234439140742
7.34072510276653922
7.37296955145577648
7.40526562441192393
7.43761325567404707
7.47001237936876361
7.50246292971162099
7.53496484100834785
7.56751804765612945
7.59196166372764214
7.61643405742547763
7.64093520119379388
7.66546506750702861
7.69002362887015511
7.71461085781898426
7.73922672692040692
7.76387120877268178
7.78854427600569110
7.81324590128119922
7.83797605729310476
