0.01121485908461939
0.02242971816923877
0.03364457725385816
0.04485943633847755
0.05607429542309694
0.06728915450771632
0.07850401359233571
0.08971887267695509
0.10093373176157448
0.11214859084619387
0.12336344993081326
0.13831959852349329
0.15327574711617334
0.16823189570885339
0.18318804430153343
0.19814419289421348
0.21310034148689352
0.22805649007957357
0.24301263867225362
0.25796878726493366
0.27292493585761368
0.28788108445029370
0.30642473805833692
0.32496839166638014
0.34351204527442336
0.36205569888246658
0.38059935249050980
0.39914300609855302
0.41768665970659624
0.43623031331463946
0.45477396692268268
0.47331762053072590
0.49186127413876912
0.51374079048458665
0.53562030683040418
0.55749982317622171
0.57937933952203924
0.60125885586785677
0.62313837221367430
0.64501788855949183
0.66689740490530935
0.68877692125112688
0.71065643759694441
0.73253595394276194
0.75740869710922343
0.78228144027568491
0.80715418344214640
0.83202692660860789
0.85689966977506937
0.88177241294153086
0.90664515610799234
0.93151789927445383
0.95639064244091532
0.98126338560737680
1.00613612877383840
1.03357781541890636
1.06101950206397433
1.08846118870904229
1.11590287535411026
1.14334456199917822
1.17078624864424619
1.19822793528931415
1.22566962193438211
1.25311130857945008
1.28055299522451804
1.30799468186958601
1.33751095456986246
1.36702722727013892
1.39654349997041538
1.42605977267069184
1.45557604537096830
1.48509231807124475
1.51460859077152121
1.54412486347179767
1.57364113617207413
1.60315740887235059
1.63267368157262704
1.66371359360517013
1.69475350563771321
1.72579341767025629
1.75683332970279937
1.78787324173534246
1.81891315376788554
1.84995306580042862
1.88099297783297170
1.91203288986551478
1.94307280189805787
1.97411271393060095
2.00608375766331593
2.03805480139603068
2.07002584512874543
2.10199688886146019
2.13396793259417494
2.16593897632688970
2.19791002005960445
2.22988106379231921
2.26185210752503396
2.29382315125774872
2.32579419499046347
2.35807846394575371
2.39036273290104395
2.42264700185633419
2.45493127081162443
2.48721553976691467
2.51949980872220491
2.55178407767749516
2.58406834663278540
2.61635261558807564
2.64863688454336588
2.68092115349865612
2.71289219723137087
2.74486324096408563
2.77683428469680038
2.80880532842951514
2.84077637216222989
2.87274741589494464
2.90471845962765940
2.93668950336037415
2.96866054709308891
3.00063159082580366
3.03260263455851842
3.06364254659106150
3.09468245862360458
3.12572237065614766
3.15676228268869075
3.18780219472123383
3.21884210675377691
3.24988201878631999
3.28092193081886307
3.31196184285140616
3.34300175488394924
3.37404166691649232
3.40355793961676900
3.43307421231704568
3.46259048501732236
3.49210675771759904
3.52162303041787572
3.55113930311815240
3.58065557581842908
3.61017184851870576
3.63968812121898244
3.66920439391925912
3.69872066661953580
3.72616235326460377
3.75360403990967173
3.78104572655473969
3.80848741319980766
3.83592909984487562
3.86337078648994359
3.89081247313501155
3.91825415978007952
3.94569584642514748
3.97313753307021544
4.00057921971528341
4.02545196288174445
4.05032470604820549
4.07519744921466653
4.10007019238112758
4.12494293554758862
4.14981567871404966
4.17468842188051070
4.19956116504697174
4.22443390821343279
4.24930665137989383
4.27417939454635487
4.29605891089217273
4.31793842723799060
4.33981794358380846
4.36169745992962632
4.38357697627544418
4.40545649262126204
4.42733600896707991
4.44921552531289777
4.47109504165871563
4.49297455800453349
4.51485407435035135
4.53339772795839480
4.55194138156643824
4.57048503517448168
4.58902868878252512
4.60757234239056856
4.62611599599861201
4.64465964960665545
4.66320330321469889
4.68174695682274233
4.70029061043078578
4.71883426403882922
4.73379041263150935
4.74874656122418948
4.76370270981686961
4.77865885840954974
4.79361500700222987
4.80857115559491000
4.82352730418759013
4.83848345278027026
4.85343960137295038
4.86839574996563051
4.88335189855831064
4.89456675764292992
4.90578161672754920
4.91699647581216848
4.92821133489678775
4.93942619398140703
4.95064105306602631
4.96185591215064559
4.97307077123526486
4.98428563031988414
4.99550048940450342
5.00671534848912270
