3.97698535404797804
3.98024502820630843
3.98351172285489685
3.98678546205445672
3.99006626997845260
3.99335417091376410
3.99664918926136448
3.99995134953699960
4.00326067637186700
4.00657719451331751
4.00990092882553828
4.01323190429025267
4.01728839302951979
4.02135565138917883
4.02543372487206064
4.02952265924392616
4.03362250053537874
4.03773329504381717
4.04185508933539150
4.04598793024698811
4.05013186488821741
4.05428694064341855
4.05845320517373054
4.06336003690962588
4.06828244223882596
4.07322049982772683
4.07817428888626132
4.08314388917267035
4.08812938099829104
4.09313084523245330
4.09814836330737720
4.10318201722314679
4.10823188955273899
4.11329806344709592
4.11911807646760053
4.12495969112912064
4.13082303503781212
4.13670823683109212
4.14261542618826262
4.14854473384117917
4.15449629158511335
4.16047023228970847
4.16646668991011193
4.17248579949820630
4.17852769721401707
4.18533482406578816
4.19217101398315872
4.19903646445137113
4.20593137479191626
4.21285594618421300
4.21981038168758271
4.22679488626354338
4.23380966679841997
4.24085493212628339
4.24793089305223059
4.25503776237598696
4.26291917451964686
4.27083880506815472
4.27879694896213714
4.28679390425738926
4.29482997216665296
4.30290545710205752
4.31102066671825135
4.31917591195625938
4.32737150708804208
4.33560776976177831
4.34388502104793428
4.35294374232773773
4.36205185756002223
4.37120979532935205
4.38041798931084525
4.38967687834691844
4.39898690652549096
4.40834852325958870
4.41776218336842419
4.42722834715997315
4.43674748051510814
4.44632005497322957
4.45667818480726119
4.46709931553342621
4.47758405685017014
4.48813302653437241
4.49874685057727852
4.50942616332323620
4.52017160761128078
4.53098383491961432
4.54186350551306450
4.55281128859363982
4.56382786245415240
4.57563059445647191
4.58751288728296913
4.59947559413523699
4.61151958074415713
4.62364572560365517
4.63585492020978762
4.64814806930523527
4.66052609112937866
4.67298991767413341
4.68554049494564051
4.69817878323203697
4.71159946752086789
4.72511989204418459
4.73874123582081452
4.75246469695825535
4.76629149304542032
4.78022286155527176
4.79426006025750251
4.80840436764168278
4.82265708335106069
4.83701952862745177
4.85149304676746418
4.86673963240436969
4.88211061565259463
4.89760761054658111
4.91323225980899458
4.92898623549901238
4.94487123967842734
4.96088900509609498
4.97704129589142230
4.99332990831738410
5.00975667148382975
5.02632344812165588
5.04364676797701872
5.06112473651528649
5.07875954865728918
5.09655344200875593
5.11450869791607499
5.13262764255381843
5.15091264804512861
5.16936613361613073
5.18799056678565140
5.20678846459142974
5.22576239485419958
5.24546693725366975
5.26536343764262060
5.28545486831539701
5.30574426464211069
5.32623472677177112
5.34692942139135674
5.36783158354297640
5.38894451850137912
5.41027160371426064
5.43181629080767614
5.45358210765934359
5.47604018661316250
5.49873653490755299
5.52167516946184378
5.54486020003186564
5.56829583194115330
5.59198636890990386
5.61593621598587944
5.64014988258155014
5.66463198562199111
5.68938725280839819
5.71442052600214900
5.74009116149172538
5.76605799169120203
5.79232644573630484
5.81890208922676422
5.84579062859474963
5.87299791564365048
5.90052995226487642
5.92839289534110936
5.95659306184459503
5.98513693413964010
6.01403116549905636
6.04348559406523034
6.07330931531663243
6.10350968272303529
6.13409425061916291
6.16507078119634766
6.19644725179071898
6.22823186248270666
6.26043304402365219
6.29305946610620914
6.32612004599597455
6.35962395754328202
6.39358064059470443
6.42799981082532934
6.46289147001413600
6.49826591678588361
6.53413375784474937
6.57050591972629761
6.60739366109594606
6.64480858562418852
6.68276265547037607
6.72126820540925873
6.76033795763641177
6.79971146399295723
6.83966768157782390
6.88022030122028028
6.92138345542729017
6.96317173656477184
7.00560021595204052
7.04868446392376224
7.09244057091733904
7.13688516964787834
7.18203545843710067
7.22790922576733674
7.27387983427455964
7.32059036481491887
7.36805972240915708
7.41630747572576432
7.46535388683136247
7.51521994256984804
7.56592738767572648
7.61749875973537005
7.66995742611830167
7.72332762301006870
7.77763449668850448
7.83174952867368468
7.88681330822918536
7.94285223980564847
7.99989373827054440
8.05796627833049151
8.11709944690842455
8.17732399868519977
8.23867191503227936
8.30117646658131392
8.36487227969653624
8.42979540713920450
8.49412056428510631
8.55967696778415466
8.62650203558667172
8.69463475062962132
8.76411574459030263
8.83498738712504483
8.90729388101916264
8.98108136371313925
9.05639801571256875
9.13329417643587860
9.21182246810637295
9.28917463659585785
9.36814851579685559
9.44879810839725742
9.53117989472243110
9.61535297836816483
9.70137924232152571
9.78932351646735910
9.87925375746751122
9.97124124209943297
10.06536077525181661
10.16169091389900991
10.25600893392007329
10.35250235773509431
10.45125093315446385
10.55233844135088361
10.65585295858000592
10.76188713873790803
10.87053851872970611
10.98190984884194599
11.09610945055653985
11.21325160452107994
11.33345697170315880
11.45041701412588431
11.57036236104811699
11.69341424654347250
11.81970070840303677
11.94935707883831633
12.08252651867768357
12.21936059965267241
12.36001993993655468
12.50467489874457527
12.65350633654453638
12.80670644827433868
12.95479561068772689
13.10710105727889641
13.26381407108364563
13.42513795171600854
13.59128898744270408
13.76249752408585181
13.93900914227559440
14.12108595617656981
14.30900804867105691
14.50307506014215519
14.70360795052095959
14.89611604061819250
15.09480459822626131
15.29999047128379708
15.51201305588747914
15.73123636755039634
15.95805134730674801
16.19287843454982934
16.43617044356282619
16.68841578670516768
16.95014209434487285
17.22192029011897674
17.48093360785690109
17.74946733870871896
18.02808189719361209
18.31738363278860149
18.61802970482181152
18.93073359791975818
19.25627137912342945
19.59548881655256025
19.94930950228952327
20.31874414996342182
20.70490127160064731
21.07016572198077853
21.45114489138186897
21.84892588862899387
22.26470096942336951
22.69978075802934470
23.15560953619183238
23.63378298930734545
24.13606888679009543
24.66443128300435816
25.22105896378130652
25.80839904035977028
26.35991434600067862
26.94016815908812035
27.55158236808404837
28.19686589642094532
28.87905919604931881
29.60158737141983565
30.36832396768537379
31.18366802709118346
32.05263777495493116
32.98098531253118182
33.97533807065975253
34.90389615251262256
35.89455647763217883
36.95409843078817147
38.09035213390809105
39.31241361440335425
40.63091571487836262
42.05837249613150419
43.60962169800294674
45.30239974105422363
47.15809844076657953
49.20277477026140645
51.11677324064945793
53.21519261011297175
55.52756734594240839
58.09028027105258474
60.94870666298744766
64.16022836306548527
67.79856382706869056
71.96014407832365123
76.77377112946535931
82.41573813194118259
89.13443332786791018
95.72349619227134099
103.57744795653454162
113.12488201932116283
125.02033142932170051
140.31990745378408292
160.85470948704417538
190.12746246142660311
235.87258726985476187
319.64983634315979089
537.49639934135075237
