3.97698535404797671
4.01323190429025267
4.05845320517373054
4.11329806344709414
4.17852769721401440
4.25503776237598519
4.34388502104793250
4.44632005497322513
4.56382786245414884
4.69817878323203431
4.85149304676746063
5.02632344812165499
5.22576239485419958
5.45358210765934448
5.71442052600215611
6.01403116549906347
6.35962395754328824
6.76033795763642065
7.22790922576734474
7.77763449668851337
8.42979540713920628
9.21182246810637650
10.16169091389901347
11.33345697170316946
12.80670644827435112
14.70360795052095959
17.22192029011898384
20.70490127160065796
25.80839904035979160
33.97533807065977385
49.20277477026140645
89.13443332786791018
