3.04858735157374205
3.06957342917352838
3.09566155448180780
3.12716314081671731
3.16443527390578483
3.20788930396550764
3.25800095467959450
3.31532239975726695
3.38049688478286470
3.45427664675973478
3.53754512605459448
3.63134480504332968
3.73691248954440525
3.85572454223089967
3.98955559011747418
4.14055573473579397
4.31135357867466151
4.50519592484680409
4.72614063367099035
4.97932831706035905
5.27137404137999965
5.61094727007405059
6.00965751988132091
6.48345722916156753
7.05496335342402148
7.75751033891109998
8.64271447100365542
9.79585963388860392
11.37101593434095825
13.68547687540212365
17.54794357048423592
26.11563500503368118
