3.04858735157374294
3.05047741249766036
3.05237099318186766
3.05426810456438291
3.05616875763087181
3.05807296341491330
3.05998073299826956
3.06189207751115644
3.06380700813251572
3.06572553609029086
3.06764767266170324
3.06957342917352838
3.07191786436636383
3.07426767957610103
3.07662289541106793
3.07898353259028035
3.08134961194420454
3.08372115441553296
3.08609818105996059
3.08848071304696914
3.09086877166062202
3.09326237830035966
3.09566155448180824
3.09848606874846233
3.10131832850017819
3.10415836920171051
3.10700622654557135
3.10986193645390951
3.11272553508042060
3.11559705881226279
3.11847654427200238
3.12136402831957538
3.12425954805426809
3.12716314081671864
3.13049721131598613
3.13384196860841557
3.13719746990742543
3.14056377285617483
3.14394093553172382
3.14732901644924290
3.15072807456626824
3.15413816928701340
3.15755936046672891
3.16099170841611476
3.16443527390578661
3.16831285080855496
3.17220471703350304
3.17611096055982056
3.18003167012693178
3.18396693524296204
3.18791684619332072
3.19188149404940091
3.19586097067739727
3.19985536874724996
3.20386478174170630
3.20788930396550942
3.21234962750331210
3.21682860814092608
3.22132637631017404
3.22584306372304797
3.23037880338790995
3.23493372962594172
3.23950797808785218
3.24410168577084512
3.24871499103585570
3.25334803362504710
3.25800095467959583
3.26308952356323934
3.26820201019489165
3.27333860253083753
3.27849949060174684
3.28368486654219671
3.28889492462072131
3.29412986127037977
3.29938987511986070
3.30467516702513819
3.30998594010168778
3.31532239975726917
3.32109213532302583
3.32689209975018674
3.33272255792304506
3.33858377798683792
3.34447603139954897
3.35039959298471146
3.35635474098524966
3.36234175711837224
3.36836092663154707
3.37441253835958888
3.38049688478286736
3.38700954807011412
3.39355999769835837
3.40014860047930112
3.40677572822924235
3.41344175785721493
3.42014707145502594
3.42689205638924088
3.43367710539518090
3.44050261667297175
3.44736899398570085
3.45427664675973656
3.46160458344785349
3.46897935555789427
3.47640146412788287
3.48387141773213482
3.49138973262763042
3.49895693290387610
3.50657355063635645
3.51424012604367464
3.52195720764848952
3.52972535244235841
3.53754512605459537
3.54577343886508434
3.55405943712709327
3.56240379802274365
3.57080720991609901
3.57927037259168523
3.58779399749926320
3.59637880800503762
3.60502553964951433
3.61373494041220988
3.62250777098342791
3.63134480504333013
3.64057408795613568
3.64987410082008257
3.65924575169094535
3.66868996502987432
3.67820768208644289
3.68779986129268478
3.69746747866849157
3.70721152823876299
3.71703302246271283
3.72693299267575506
3.73691248954440525
3.74726230772500957
3.75769860013011092
3.76822257768060354
3.77883547517070850
3.78953855187654121
3.80033309218374393
3.81122040623490399
3.82220183059748608
3.83327872895306099
3.84445249280862988
3.85572454223089878
3.86733791327055565
3.87905685822075785
3.89088298640880836
3.90281794171749707
3.91486340354496409
3.92702108779735060
3.93929274791556194
3.95168017593755971
3.96418520359762860
3.97680970346414675
3.98955559011747063
4.00260482769031078
4.01578295494500814
4.02909210772740600
4.04253447176476399
4.05611228417361769
4.06982783502372225
4.08368346896056522
4.09768158688906503
4.11182464772118461
4.12611517019036089
4.14055573473579130
4.15525017389385010
4.17010217926811944
4.18511458707011652
4.20029030550288507
4.21563231712762310
4.23114368132610519
4.24682753686350978
4.26268710455651778
4.27872569005185444
4.29494668672068514
4.31135357867465796
4.32794994390963694
4.34473945758360358
4.36172589543552469
4.37891313735241550
4.39630517109224073
4.41390609617078500
4.43172012792106695
4.44975160173445339
4.46800497749313763
4.48648484420428950
4.50519592484680054
4.52401248077401075
4.54306679306094718
4.56236391120380080
4.58190903612408906
4.60170752605752664
4.62176490272523832
4.64208685780347263
4.66267925970900698
4.68354816071862956
4.70469980444230629
4.72614063367098680
4.74757686665147549
4.76930745413340951
4.79133919499424810
4.81367911001511040
4.83633445128032058
4.85931271206820270
4.88262163726377008
4.90626923432616202
4.93026378484611083
4.95461385673130028
4.97932831706035550
5.00389290257989572
5.02882466679169315
5.05413284913320648
5.07982701784579493
5.10591708517365195
5.13241332343035594
5.15932638199217308
5.18666730528196762
5.21444755181269493
5.24267901436505301
5.27137404137999876
5.29972557310754411
5.32853953860011931
5.35782864716213769
5.38760610255112038
5.41788562798862028
5.44868149273499291
5.48000854034491880
5.51188221873076145
5.54431861217206734
5.57733447542185967
5.61094727007404881
5.64395528369539612
5.67755277373227152
5.71175749705695335
5.74658796852904441
5.78206350311018902
5.81820426087450837
5.85503129515302678
5.89256660407327448
5.93083318578073193
5.96985509765702549
6.00965751988131824
6.04849701982836851
6.08809942756179279
6.12849005045499151
6.16969538699882314
6.21174319986329415
6.25466259451239548
6.29848410387788427
6.34323977965175168
6.38896329081760594
6.43569003010927609
6.48345722916156308
6.52976101931353892
6.57707127645712131
6.62542499827305775
6.67486111492117917
6.72542062078529579
6.77714671736454743
6.83008496844317836
6.88428346880541664
6.93979302791537478
6.99666737015645435
7.05496335342401792
7.11107953022152461
7.16855643650032803
7.22744996908730108
7.28781929317737909
7.34972709221908627
7.41323984155474491
7.47842810853107309
7.54536688216053530
7.61413593583501758
7.68482022708094537
7.75751033891109731
7.82696393332132523
7.89831703679833552
7.97165784242492492
8.04708038450493213
8.12468504557855198
8.20457911828485464
8.28687742922426906
8.37170303307214425
8.45918798648803261
8.54947421289359077
8.64271447100365187
8.73109898790265682
8.82225175960929420
8.91632037620136941
9.01346368434728085
9.11385291574602441
9.21767295698163736
9.32512378222498484
9.43642207405337530
9.55180306229406817
9.67152261642124600
9.79585963388860037
9.91273432639356322
10.03389469437929549
10.15960922707706082
10.29017056811558817
10.42589838320771278
10.56714265524482244
10.71428748418273358
10.86775548573241501
11.02801290366868692
11.19557557674377968
11.37101593434095292
11.53451523883295238
11.70527630271425501
11.88385309689980751
12.07086062136229643
12.26698383077699184
12.47298820932499375
12.68973236730205301
12.91818313284352016
13.15943374471024718
13.41472592847584622
13.68547687540211832
13.93589374317568641
14.20058002483212611
14.48094450737765015
14.77859871888449206
15.09539605314032684
15.43348053660656127
15.79534817812215053
16.18392492747182132
16.60266683250540609
17.05569027391688763
17.54794357048423237
18.00252402554759357
18.49436725709089657
19.02885912650194200
19.61254239265851140
20.25345716921023964
20.96161243310650590
21.74965270276272378
22.63382315822060065
23.63540513824737843
24.78291940503222790
26.11563500503368473
27.39030906886146965
28.87192082452266106
30.62329650135160009
32.73768101761451987
35.36073695705815112
38.73574656277466488
43.30788123678399160
50.00763378017915528
61.24659300270320017
86.61576247356798319
