3.97698535404797493
4.04336300997307152
4.11183807673076185
4.18250656059108206
4.25547019900717594
4.33083688272343981
4.40872111496213037
4.48924451148597470
4.57253634578043577
4.65873414410472009
4.74798433573456435
4.84044296437214339
4.96122695560073712
5.08767706428728417
5.22017802994659252
5.35914876021550057
5.50504609493199659
5.65836906834785225
5.81966374697939415
5.98952873455700985
6.16862145236170001
6.35766532360597125
6.55745801526893946
6.79444999173151132
7.04732828702384850
7.31763232110006889
7.60709768781267215
7.91768746272146462
8.25162958322851203
8.61146170253711141
9.00008529761107390
9.42083130819191972
9.87754024118340190
10.37466055155188727
10.91737029133756565
11.51172862296998822
12.16486599682001568
12.88522485304265430
13.68286700757446894
14.56987000111963226
15.56084351794024734
16.67360990798535170
17.93011208186612393
19.35764118017900159
20.99052139442985521
22.66190282679115242
24.57252612224940336
26.77307530963422977
29.32891949179086311
32.32567074252195738
35.87741082614691379
40.13918284523801105
45.32651916604719133
51.74701073375790372
59.85337874958269566
70.33691504557359053
81.11198305507438988
94.96242647628679379
113.27367666839727178
138.35127997313671244
174.29602210018566666
229.06634889096184793
320.07083032827625857
492.71049705316096379
905.07411415150329503
2559.77859136617780678
