38.94304660093273185
39.53578441177681668
40.14384891901006824
40.76779999536671539
41.40822408287893808
42.06573575031508483
42.74097935966871376
43.43463085060545836
44.14739965260692145
44.88003073547321264
45.63330680986570798
46.40805069070161437
47.72586326974978022
49.10769729055731148
50.55798865837045497
52.08157638519742250
53.68374828250976094
55.37029290356305467
57.14755874281294012
59.02252188800866861
61.00286354878387840
63.09705916361833999
65.31448112721022881
68.57144054637007002
72.10963871798730906
75.96426589720515210
80.17638279749070307
84.79416350723619189
89.87446183546533973
95.48480223883034057
101.70593389251529004
108.63514004389347178
116.39057261788178721
125.11699686822825583
144.31737755315313620
168.99599718333206511
201.62065350206609082
246.29807395022780270
310.33269760537092452
407.90027695475924929
570.00920778134616285
877.52820405997726994
1612.04564761448182253
4559.42364247988189163
