15.00000030590228128
15.15293847978342789
15.30902745680961452
15.46836561877222493
15.63105548641849651
15.79720393942423051
15.96692245054626014
16.14032733503265860
16.31754001646334018
16.49868731029784286
16.68390172652179260
16.87332179290986289
17.19308822391346681
17.52520856538056648
17.87041284390101481
18.22948976085845985
18.60329270818041536
18.99274653971486515
19.39885521133262003
19.82271042262404492
20.26550141680226957
20.72852612405131012
21.21320386820756099
21.91520599848818307
22.66526060245759311
23.46847635783567299
24.33071271757169640
25.25872308838725644
26.26033207491657606
27.34465663574576766
28.52238439027511063
29.80612708221534746
31.21087399436313703
32.75457992014846553
36.03003791216331564
40.03337545795923802
45.03754739020413922
51.47148273166187948
60.05006318693885703
72.06007582432663128
90.07509478040827844
120.10012637387771406
180.15018956081655688
360.30037912163311375
