21.34447149235517571
21.45233881556906397
21.56113638080715234
21.67087542470364525
21.78156735889666606
21.89322377337173009
22.00585643988116402
22.11947731544107043
22.23409854590828161
22.34973246963903648
22.46639162123182842
22.58408873535655914
22.74998904913497100
22.91796913224023768
23.08806556731891391
23.26031576810409973
23.43475800261295205
23.61143141711337989
23.79037606088935064
23.97163291183579759
24.15524390291521684
24.34125194950978255
24.52970097770386815
24.77836642105660303
25.03133328045515427
25.28870618292027928
25.55059304919598873
25.81710522138767061
26.08835759648718522
26.36446876609971213
26.64556116270784614
26.93176121282765934
27.22319949743476997
27.52001092006101857
27.89543298564237261
28.27959345385453815
28.67277912449384303
29.07528901120887355
29.48743498334151525
29.90954244801088180
30.34195107537986758
30.78501557028944191
31.23910649371516968
31.70461113779479945
32.18193445849863821
32.77234554236582653
33.38124594195258510
34.00945509673441336
34.65783973079190616
35.32731723090965659
36.01885931362807014
36.73349601014608368
37.47232000129330487
38.23649133854134163
39.02724259127159456
39.84588446533165751
40.86251260846670164
41.92350218130757611
43.03160772609722073
44.18980763565328118
45.40132679522142212
46.66966198147449063
47.99861041344338730
49.39230191547706283
50.85523522995405443
52.39231911002973163
54.00891893343516870
56.15489892181972209
58.44770059243062121
60.90176995200849319
63.53343312212477656
66.36120429561697165
69.40615513338158848
72.69236019254100256
76.24743703234983627
80.10320500180492331
84.29649385110067783
88.87014290557704044
102.49623823663330313
120.01077622321398053
143.16543195051661996
174.87522263392096988
220.32496278194207662
289.57686386921187705
404.64130096768360545
622.92058388253042267
1144.29230655364654012
3236.40166920140200091
