10.00004539889921595
10.03427321801672711
10.06873614952560203
10.10343662427062839
10.13837710672273573
10.17356009556244878
10.20898812427554248
10.24466376176118487
10.28058961295286444
10.31676831945244821
10.35320256017765850
10.38989505202331820
10.44150354252607293
10.49362728984166893
10.54627404913445332
10.59945173198483204
10.65316841035276241
10.70743232066236850
10.76225186801202227
10.81763563051444343
10.87359236377146665
10.93013100548844108
10.98726068023332481
11.06241563374067027
11.13860581677715267
11.21585276749370408
11.29417862568758579
11.37360615395809482
11.45415875976128639
11.53586051840857074
11.61873619705668048
11.70281127973919411
11.78811199349278560
11.87466533563445381
11.98368718804490385
12.09472945936740906
12.20784883922081754
12.32310415806965409
12.44055648924683410
12.56026925686683526
12.68230835002996315
12.80674224374977221
12.93364212706999261
13.06308203887462582
13.19513901193560557
13.35756574601498237
13.52404112988900131
13.69471844895945267
13.86975882555724837
14.04933172626923010
14.23361550919232776
14.42279801482986556
14.61707720474511696
14.81666185253670420
15.02177229220600552
15.23264122955602140
15.49248003855163880
15.76133736055021473
16.03969101084568649
16.32805316545567464
16.62697350635841786
16.93704271865469480
17.25889638646794566
17.59321934165046741
17.94075052790785207
18.30228845304781160
18.67869731402183220
19.17256301902034821
19.69325364489991870
20.24301574651814661
20.82435394465903045
21.44006907729965050
22.09330332521459184
22.78759384611687366
23.52693684975028887
24.31586456474487790
25.15953822832256037
26.06386113027868134
28.67024724330655161
31.85583027034061487
35.83780905413319573
40.95749606186650738
47.78374540551092053
57.34049448661310322
71.67561810826637725
95.56749081102182686
143.35123621653275450
286.70247243306550899
