21.34447149235518992
21.47276053560477038
21.60236624597625621
21.73330756353255921
21.86560377985347969
21.99927454604417676
22.13433988096016947
22.27082017965560112
22.40873622206192906
22.54810918190406710
22.68896063586184297
22.83131257298431649
23.05099774322827955
23.27429486736217967
23.50128740396878513
23.73206130628229005
23.96670511395094394
24.20531004881530990
24.44797011490652494
24.69478220288038983
24.94584619911581314
25.20126509971997919
25.46114512969597143
25.82778604086465180
26.20345445555900099
26.58846389123154097
26.98314200015043696
27.38783135622855269
27.80289029414109336
28.22869380478234547
28.66563449147131593
29.11412359171173492
29.57459206974658628
30.04749178562780543
30.69023387326063812
31.35652007358685722
32.04757335162477716
32.76469956167371578
33.50929441878511739
34.28285117389113879
35.08696907583035340
35.92336271484887789
36.79387235524818323
37.70047538000316933
38.64529898774979699
39.98095137905734475
41.39607238876799045
42.89743344178116757
44.49256620478144697
46.18986957063844301
47.99873490158937273
49.92969322364203322
51.99458893433349260
54.20678569113785272
56.58141156095435065
59.13565232995217258
68.18707760044758004
79.82235447558709041
95.20550970966672821
116.27364785227828747
146.47223024633896671
192.48792125815759846
268.94738094412906548
413.99656097891352147
760.46182580168681397
2150.74385296409900548
