10.00004539889921951
10.04074662848754329
10.08178052859349094
10.12315119456534873
10.16486278924955400
10.20691954438705729
10.24932576204448686
10.29208581608112993
10.33520415365281053
10.37868529675369800
10.42253384379723613
10.46675447123727842
10.53481253498192771
10.60376146039983958
10.67361885443412994
10.74440279108177876
10.81613182698376541
10.88882501764386745
10.96250193430589803
11.03718268152080739
11.11288791543672438
11.18963886284695342
11.26745734103274721
11.37678344986597878
11.48825188841803069
11.60192625068917316
11.71787267284263478
11.83615996151525707
11.95685972997885749
12.08004654271850065
12.20579806904100018
12.33419524637859332
12.46532245400930883
12.59926769797751334
12.78017449616812939
12.96635208168658693
13.15803420934451040
13.35546866378593300
13.55891832810000786
13.76866235161644703
13.98499742779234012
14.20823919449198414
14.43872377055788903
14.67680944440444257
14.92287853247575313
15.26729086104178457
15.62797648618224500
16.00611667165005159
16.40300984528716910
16.82008649458530058
17.25892639401804729
17.72127860140800593
18.20908475688322881
18.72450633879860504
19.26995668349499624
19.84813876944637201
21.83295264639100708
24.25883627376778406
27.29119080798875530
31.18993235198714586
36.38825441065167610
43.66590529278200705
54.58238161597751059
72.77650882130335219
109.16476323195502118
218.32952646391004237
