3.97698535404796605
3.97863544416449288
3.98028733216759401
3.98194102117255744
3.98359651430204575
3.98525381468611739
3.98691292546225595
3.98857384977538043
3.99023659077788162
3.99190115162963233
3.99356753549802024
3.99523574555796523
3.99710825385319701
3.99898306617380950
4.00086018702821899
4.00273962093688951
4.00462137243239358
4.00650544605942915
4.00839184637488000
4.01028057794784498
4.01217164535968607
4.01406505320406559
4.01596080608699957
4.01806332895063356
4.02016874073636110
4.02227704775653194
4.02438825634235009
4.02650237284393953
4.02861940363041171
4.03073935508993753
4.03286223362984142
4.03498804567663072
4.03711679767611731
4.03924849609345227
4.04158929418770008
4.04393365115813985
4.04628157560885882
4.04863307617236323
4.05098816150971430
4.05334684031063297
4.05570912129362871
4.05807501320611763
4.06044452482454243
4.06281766495451091
4.06519444243088035
4.06778250690371657
4.07037489229118332
4.07297161006415731
4.07557267173512461
4.07817808885838495
4.08078787303023915
4.08340203588918094
4.08602058911609500
4.08864354443445155
4.09127091361049455
4.09390270845346382
4.09674783320838110
4.09959814085760144
4.10245364641303834
4.10531436494602264
4.10818031158762054
4.11105150152890797
4.11392795002129041
4.11680967237680839
4.11969668396841904
4.12258900023034425
4.12548663665833359
4.12859949763202483
4.13171851222435116
4.13484369977553001
4.13797507970884570
4.14111267153112106
4.14425649483316505
4.14740656929021156
4.15056291466241412
4.15372555079527750
4.15689449762014984
4.16006977515468357
4.16346201767956536
4.16686150317517257
4.17026825622642061
4.17368230153227504
4.17710366390643451
4.18053236827798269
4.18396843969209531
4.18741190331070445
4.19086278441320914
4.19432110839714412
4.19778690077890104
4.20147123625573915
4.20516403379874948
4.20886532430185412
4.21257513881311585
4.21629350853573914
4.22002046482904003
4.22375603920944176
4.22750026335147044
4.23125316908875160
4.23501478841504930
4.23878515348525653
4.24277546676690953
4.24677560347765848
4.25078560205458533
4.25480550114033473
4.25883533958450133
4.26287515644503934
4.26692499098968714
4.27098488269737420
4.27505487125968919
4.27913499658229313
4.28322529878643099
4.28753676788208349
4.29185957817338259
4.29619377707036243
4.30053941225395864
4.30489653167795350
4.30926518357096544
4.31364541643843058
4.31803727906462509
4.32244082051470091
4.32685609013672856
4.33128313756377548
4.33593236752044309
4.34059462882734692
4.34526997952314442
4.34995847799982283
4.35466018300538327
4.35937515364663319
4.36410344939195038
4.36884513007406472
4.37360025589292878
4.37836888741855468
4.38315108559387401
4.38815625870642556
4.39317634381963718
4.39821141151793871
4.40326153284240895
4.40832677929453620
4.41340722284000631
4.41850293591252097
4.42361399141764355
4.42874046273671773
4.43388242373079589
4.43903994874460217
4.44442099359681997
4.44981904214858748
4.45523417975073066
4.46066649233966750
4.46611606644249370
4.47158298918211905
4.47706734828249964
4.48256923207386748
4.48808872949804893
4.49362593011385147
4.49918092410247006
4.50495970636163534
4.51075781844203849
4.51657536303487195
4.52241244357703120
4.52826916425795112
4.53414563002657811
4.54004194659836102
4.54595822046237519
4.55189455888849803
4.55785106993464506
4.56382786245414707
4.57002840084527584
4.57625085624175121
4.58249535166147037
4.58876201106611070
4.59505095937033570
4.60136232245106136
4.60769622715686111
4.61405280131750040
4.62043217375352810
4.62683447428603589
4.63325983374651429
4.63990854523848029
4.64658205241083611
4.65328050207718391
4.66000404223931142
4.66675282209936437
4.67352699207219047
4.68032670379785198
4.68715211015427258
4.69400336527007056
4.70088062453750410
4.70778404462564470
4.71491002359291489
4.72206400324435727
4.72924615822501515
4.73645666466882265
4.74369570021471354
4.75096344402293269
4.75826007679155172
4.76558578077322803
4.77294073979213795
4.78032513926120295
4.78773916619947926
4.79537450320950676
4.80304141222128589
4.81074010041425382
4.81847077682614255
4.82623365237411850
4.83402893987619731
4.84185685407300248
4.84971761164976733
4.85761143125870376
4.86553853354162236
4.87349914115291671
4.88167928810748197
4.88989499070818745
4.89814649416006898
4.90643404597956057
4.91475789602211233
4.92311829651023825
4.93151550206197786
4.93994976971973365
4.94842135897958091
4.95693053182095422
4.96547755273681890
4.97424174241230155
4.98304593680179053
4.99189042556122686
5.00077550121320158
5.00970145918299092
5.01866859783506047
5.02767721851019012
5.03672762556311859
5.04582012640081334
5.05495503152127323
5.06413265455300188
5.07352438420024932
5.08296109450342026
5.09244312710543490
5.10197082719608730
5.11154454355876453
5.12116462861790822
5.13083143848725420
5.14054533301881467
5.15030667585270585
5.16011583446768540
5.16997318023263741
5.18004077088820303
5.19015891635535631
5.20032801912573550
5.21054848607104049
5.22082072850354262
5.23114516223757331
5.24152220765203047
5.25195228975399608
5.26243583824336802
5.27297328757862438
5.28356507704368639
5.29436232267074747
5.30521637857136064
5.31612771853557486
5.32709682175455335
5.33812417289863550
5.34921026219692486
5.36035558551814884
5.37156064445299286
5.38282594639791956
5.39415200464043032
5.40553933844587053
5.41712626209410697
5.42877702990284927
5.44049219932008477
5.45227233444701653
5.46411800613881837
5.47602979210731267
5.48800827702546723
5.50005405263385416
5.51216771784910531
5.52434987887433682
5.53660114931169378
5.54904488733050982
5.56156039575328798
5.57414833035187662
5.58680935508870213
5.59954414224660546
5.61235337256122246
5.62523773535587512
5.63819792867907843
5.65123465944474823
5.66434864357512069
5.67754060614645351
5.69091644632810478
5.70437300969197558
5.71791106779749381
5.73153140228521707
5.74523480504402517
5.75902207838172675
5.77289403519906408
5.78685149916728125
5.80089530490929661
5.81502629818456640
5.82924533607773565
5.84363794174273732
5.85812140858341834
5.87269664482028730
5.88736457108438316
5.90212612063259012
5.91698223956749825
5.93193388706188607
5.94698203558798344
5.96212767115164510
5.97737179353145898
5.99271541652305295
6.00822027638639522
6.02382750912072762
6.03953818465747982
6.05535338821552838
6.07127422057860233
6.08730179837874275
6.10343725438609663
6.11968173780506142
6.13603641457712445
6.15250246769036924
6.16908109749604616
6.18580625120417871
6.20264688812637210
6.21960427009722405
6.23667967780178945
6.25387441113326226
6.27118978955887041
6.28862715249425452
6.30618785968647177
6.32387329160608047
6.34168484984822189
6.35962395754327403
6.37769205977714027
6.39589062402147857
6.41422114057422732
6.43268512301062501
6.45128410864503721
6.47001965900395071
6.48889336031040109
6.50790682398015008
6.52706168713000867
6.54635961309858683
6.56580229197987464
6.58535309497866539
6.60505153258534872
6.62489936805463131
6.64489839343865185
6.66505043018452881
6.68535732974697261
6.70582097421647738
6.72644327696336308
6.74722618329839108
6.76817167115025153
6.78928175176055326
6.81047510842258941
6.83183586066780890
6.85336609914872863
6.87506795022712236
6.89694357674914915
6.91899517884088322
6.94122499472496823
6.96363530155897514
6.98622841629620428
7.00900669656961028
7.03197254159956486
7.05499206090570397
7.07820180663393828
7.10160426383610677
7.12520196196782774
7.14899747589704315
7.17299342694037811
7.19719248392827993
7.22159736429979926
7.24621083522808984
7.27103571477749977
7.29607487309351121
7.32113239923268289
7.34640664392677767
7.37190056960736406
7.39761719410348206
7.42355959195871318
7.44973089578644121
7.47613429766435011
7.50277305056972921
7.52965046985687625
7.55676993477806391
7.58413489004963193
7.61147603026067543
7.63906477412366858
7.66690466492304523
7.69499931532179193
7.72335240908909793
7.75196770288034553
7.78084902807125545
7.81000029264819862
7.83942548315661814
7.86912866670980726
7.89911399306007400
7.92902499258530558
7.95921978597964408
7.98970262736600390
8.02047785814057335
8.05154990925056246
8.08292330354414901
8.11460265819554394
8.14659268720781782
8.17889820399662426
8.21152412405766263
8.24447546772135631
8.27729183185898876
8.31043463189181075
8.34390899739483594
8.37772016828434829
8.41187349783828964
8.44637445581740387
8.48122863169091268
8.51644173797085635
8.55201961365950325
8.58796822781430969
8.62429368323519796
8.66041108892965283
8.69690547901696931
8.73378306883600253
8.77105021404049623
8.80871341463159752
8.84677931913140903
8.88525472890351331
8.92414660262647530
8.96346206092675502
9.00320839117770966
9.04339305247182068
9.08328129440525522
9.12360683941562556
9.16437725990995133
9.20560030790289119
9.24728392044190528
9.28943622523206258
9.33206554646892528
9.37518041088891252
9.41878955404644813
9.46290192682816134
9.50752670221451979
9.55174771064274175
9.59647852485603892
9.64172842805562347
9.68750693507080740
9.73382379972217393
9.78068902246981864
9.82811285835986048
9.87610582528280112
9.92467871255834133
9.97384258986185301
10.02360881650852420
10.07284021285354214
10.12266926559372671
10.17310743536205209
10.22416648405597783
10.27585848493139764
10.32819583310862477
10.38119125651062902
10.43485782725413635
10.48920897351624504
10.54425849189953723
10.60002056032080375
10.65508685688618051
10.71085821038953156
10.76734888256871159
10.82457353080803486
10.88254722213492443
10.94128544782020818
11.00080413861304152
11.06111968064291240
11.12224893202336418
11.18420924019410911
11.24701846004022165
11.30893298557126947
11.37168518169517739
11.43529295703160997
11.49977474557130641
11.56514952634021931
11.63143684396166933
11.69865683016479707
11.76683022629091369
11.83597840685261637
11.90612340420378068
11.97728793438255757
12.04731008545701343
12.11833549218325246
12.19038687593292636
12.26348766460253792
12.33766202065962680
12.41293487054774936
12.48933193552821486
12.56687976404161411
12.64560576567817307
12.72553824685107671
12.80670644827433691
12.88642128765309813
12.96734876484599397
13.04951805102157891
13.13295928146606251
13.21770359628624902
13.30378318321101361
13.39123132261949323
13.48008243493321778
13.57037213051922464
13.66213726226164837
13.75541598097118623
13.84684717064473958
13.93975960082643262
14.03419123992195239
14.13018139443425270
14.22777076924230499
14.32700153119823128
14.42791737625914372
14.53056360038666739
14.63498717446486630
14.74123682350640507
14.84936311043820645
14.95513686619061211
15.06274218720795233
15.17222928739327692
15.28365027493162565
15.39705924370118950
15.51251237007864070
15.63006801551636471
15.74978683529958978
15.87173189392536266
15.99596878758139162
16.12256577424357218
16.24615523934311767
16.37204205356739095
16.50029388516600903
16.63098114745977085
16.76417714140634985
16.89995820722782582
17.03840388578339571
17.17959709043066141
17.32362429018539984
17.47057570506130020
17.62054551455183926
17.76664624623982291
17.91567778601054073
18.06773338680341467
18.22291039218108466
18.38131046627111687
18.54303983954100588
18.70820957170179710
18.87693583315872203
19.04934020656395433
19.22555001017807186
19.40569864491533281
19.58082644373878622
19.75977008354355391
19.94266159584305953
20.12963931765971637
20.32084827783582526
20.51644061236683214
20.71657601135227367
20.92142220042606837
21.13115545983205479
21.34596118464752479
21.56603449003712569
21.77951820111002235
21.99809533346241608
22.22195913732835493
22.45131299672690517
22.68637111204869328
22.92735923909751605
23.17451549014801770
23.42809120321904715
23.68835188648409940
23.95557824555933735
24.23006730233874251
24.49578340101579954
24.76851317180899414
25.04855151860869000
25.33621051085689757
25.63182066899627642
25.93573236830838269
26.24831737414811172
26.56997052325081299
26.90111156770128886
27.24218720035482022
27.59367328303468625
27.93327161079248100
28.28292137880744406
28.64309750002391652
29.01430601252498320
29.39708670917790556
29.79201604108090606
30.19971032889496243
30.62082932110630651
31.05608014405919803
31.50622169538348416
31.97206954040616367
32.42146298260171022
32.88604602829995116
33.36664046260859351
33.86412990234175879
34.37946580918166006
34.91367422551163457
35.46786333705178151
36.04323198403223927
36.64107926367632473
37.26281539200340376
37.90997402335030841
38.53380382893550404
39.18234312038848088
39.85716417086459273
40.55997888801047679
41.29265490221459345
42.05723395447643043
42.85595297959763883
43.69126836062204688
44.56588392952878053
45.48278341219361920
46.44526816919712076
47.37398283922615150
48.34751947379558601
49.36937159543091980
50.44341482546793287
51.57396140875025026
52.76582444858161125
54.02439394687063157
55.35572728047880986
56.76665744102190558
58.26492327699114782
59.85932718101401662
61.40571877068466478
63.04912212741121635
64.79945219732849182
66.66805901086812014
68.66800134893669849
70.81438622679408468
73.12479358971536669
75.61981247562842157
78.32372463272017171
81.26538559113124904
84.47937368386828894
87.64957434939245218
91.11290427444849627
94.91432091156762851
99.10873969599987277
103.76400345398698732
108.96499557247177847
114.81945129171887743
121.46635388216172657
129.08837879815644101
137.93088692856989042
148.33192154632840243
159.30996869193322141
172.39508786710376853
188.30120409766746548
208.11859092186475095
233.60642850606424759
267.81478328501822261
316.57810796796559316
392.77944857642455645
532.33010305292748399
895.19438542389798386
