3.97698535404797671
3.99523574555797456
4.01596080608701023
4.03924849609346381
4.06519444243089101
4.09390270845347004
4.12548663665834159
4.16006977515468890
4.19778690077890548
4.23878515348526275
4.28322529878643365
4.33128313756377903
4.38315108559387490
4.43903994874460395
4.49918092410247361
4.56382786245414884
4.63325983374651784
4.70778404462564559
4.78773916619948015
4.87349914115291938
4.96547755273682245
5.06413265455300721
5.16997318023264629
5.28356507704368994
5.40553933844587498
5.53660114931170000
5.67754060614646061
5.82924533607774631
5.99271541652306627
6.16908109749606037
6.35962395754328824
6.56580229197989418
6.78928175176056747
7.03197254159958263
7.29607487309352543
7.58413489004964525
7.89911399306008644
8.24447546772137230
8.62429368323521572
9.04339305247183312
9.50752670221453400
10.02360881650854374
10.60002056032081974
11.24701846004022876
11.97728793438257178
12.80670644827435112
13.75541598097119156
14.84936311043820645
16.12256577424357218
17.62054551455183926
19.40569864491534702
21.56603449003712925
24.23006730233874251
27.59367328303467559
31.97206954040614590
37.90997402335027999
46.44526816919710654
59.85932718101399530
84.47937368386828894
148.33192154632840243
