3.04858735157374205
3.05916243725887815
3.07115068219487020
3.08459506663800687
3.09954169393396040
3.11604010241764273
3.13414360092037070
3.15390963166298421
3.17540016476954756
3.19868212917287886
3.22382788531539388
3.25091574579487341
3.28003055098661189
3.31126430771791513
3.34471690031064339
3.38049688478286470
3.41872237876119778
3.45952206176284793
3.50303630303729463
3.54941843720824313
3.59883621164772638
3.65147343399899516
3.70753185373761740
3.76723331836971287
3.83082225313255131
3.89856852330019077
3.97077075094563403
4.04776017398003418
4.12990515541626380
4.21761647633796599
4.31135357867466151
4.41163196586391226
4.51903202393606485
4.63420959678689748
4.75790874341499670
4.89097723017555186
5.03438547976347373
5.18924992823907871
5.35686205771894741
5.53872481378058357
5.73659874135033565
5.95256107055609451
6.18908229570178658
6.44912674243129302
6.73628658197414776
7.05496335342402148
7.41061838107538318
7.81012546685139419
8.26227950076074258
8.77855012249798961
9.37423435716954323
10.07028627199620630
10.89635343166288450
11.89609659014970333
13.13716007513542117
14.73154954868522992
16.88239426903726681
20.01041429892909207
25.19600866493964730
36.69599055161295809
