3.04858735157373584
3.04954419404860166
3.05050193804522829
3.05146058498017236
3.05242013627310627
3.05338059334683232
3.05434195762728589
3.05530423054354827
3.05626741352785380
3.05723150801560051
3.05819651544535720
3.05916243725887238
3.06024648065760774
3.06133167729705535
3.06241802922342643
3.06350553848801610
3.06459420714722430
3.06568403726256822
3.06677503090070180
3.06786719013343001
3.06896051703772743
3.07005501369575207
3.07115068219486442
3.07236564050162686
3.07358204187588058
3.07479988917656355
3.07601918527054874
3.07723993303267562
3.07846213534577329
3.07968579510069418
3.08091091519633942
3.08213749853969077
3.08336554804583596
3.08459506663800065
3.08594492378479179
3.08729655462682562
3.08864996305186335
3.09000515295960643
3.09136212826174450
3.09272089288200247
3.09408145075618801
3.09544380583223999
3.09680796207027553
3.09817392344264064
3.09954169393395462
3.10103073073741475
3.10252191562916790
3.10401525377891607
3.10551075037379576
3.10700841061845434
3.10850823973512647
3.11001024296370865
3.11151442556184055
3.11302079280497690
3.11452934998646747
3.11604010241763829
3.11767292546781238
3.11930831803717901
3.12094628687209363
3.12258683874373544
3.12422998044822720
3.12587571880674808
3.12752406066565891
3.12917501289661759
3.13082858239670037
3.13248477608852438
3.13414360092036670
3.13592517374083490
3.13770978817157120
3.13949745287714332
3.14128817655671444
3.14308196794421990
3.14487883580854799
3.14667878895371711
3.14848183621906008
3.15028798647940356
3.15209724864525365
3.15390963166298066
3.15584530849896083
3.15778455371543565
3.15972737828962291
3.16167379324607500
3.16362380965694356
3.16557743864223884
3.16753469137010013
3.16949557905706358
3.17146011296833086
3.17342830441804091
3.17540016476954445
3.17749572740441000
3.17959544433786112
3.18169932931404897
3.18380739614086838
3.18591965869033800
3.18803613089898707
3.19015682676823742
3.19228176036479505
3.19441094582104146
3.19654439733542839
3.19868212917287531
3.20094382722510762
3.20321032962076879
3.20548165339311675
3.20775781566007367
3.21003883362477049
3.21232472457608997
3.21461550588921963
3.21691119502620415
3.21921180953650765
3.22151736705757230
3.22382788531539166
3.22626248052885334
3.22870259981545216
3.23114826409695199
3.23359949440621985
3.23605631188798437
3.23851873779960364
3.24098679351183483
3.24346050050961576
3.24593988039284920
3.24842495487719551
3.25091574579487164
3.25353056090714698
3.25615169572370089
3.25877917574227149
3.26141302660485355
3.26405327409874824
3.26669994415762588
3.26935306286259575
3.27201265644328299
3.27467875127892061
3.27735137389944553
3.28003055098661145
3.28283352384517935
3.28564369490686836
3.28846109503355200
3.29128575527266687
3.29411770685865024
3.29695698121439218
3.29980360995269750
3.30265762487776637
3.30551905798668599
3.30838794147093695
3.31126430771791380
3.31426405141471525
3.31727196250260725
3.32028807811119941
3.32331243560684353
3.32634507259457823
3.32938602692009145
3.33243533667170855
3.33549304018238946
3.33855917603175678
3.34163378304814040
3.34471690031064117
3.34792277022535467
3.35113787620717041
3.35436226268974069
3.35759597440656599
3.36083905639360125
3.36409155399189252
3.36735351285023521
3.37062497892786928
3.37390599849719530
3.37719661814652605
3.38049688478286381
3.38391905356787248
3.38735163650286086
3.39079468651479798
3.39424825690800214
3.39771240136760477
3.40118717396305748
3.40467262915167401
3.40816882178221947
3.41167580709852913
3.41519364074317977
3.41872237876119600
3.42237192047170602
3.42603317502704741
3.42970620521360781
3.43339107428997670
3.43708784599152306
3.44079658453502679
3.44451735462336028
3.44825022145023086
3.45199525070498225
3.45575250857744276
3.45952206176284616
3.46341104653991438
3.46731317615512102
3.47122852482536537
3.47515716735552349
3.47909917914445055
3.48305463619106126
3.48702361510047920
3.49100619309027360
3.49500244799676363
3.49901245828141194
3.50303630303729374
3.50717790399726992
3.51133422948458440
3.51550536695610338
3.51969140459765617
3.52389243133187291
3.52810853682611203
3.53233981150050314
3.53658634653608939
3.54084823388308134
3.54512556626921826
3.54941843720824224
3.55382705148878220
3.55825213406135887
3.56269378771026712
3.56715211612016736
3.57162722388624987
3.57611921652454390
3.58062820048236441
3.58515428314890894
3.58969757286599789
3.59425817893896982
3.59883621164772505
3.60352759792006294
3.60823737900804220
3.61296567543614922
3.61771260883733659
3.62247830196616594
3.62726287871214215
3.63206646411324030
3.63688918436962805
3.64173116685759313
3.64659254014367207
3.65147343399899249
3.65646486919377978
3.66147682985692002
3.66650945704774234
3.67156289318650497
3.67663728207131824
3.68173276889533074
3.68684950026418168
3.69198762421371240
3.69714729022796273
3.70232864925742744
3.70753185373761251
3.71284231226665673
3.71817565556082164
3.72353204845884855
3.72891165746654307
3.73431465077852298
3.73974119830029705
3.74519147167071242
3.75066564428475235
3.75616389131670703
3.76168638974372005
3.76723331836971020
3.77288367778320977
3.77855953811241996
3.78426109175201653
3.78998853313499140
3.79574205876049930
3.80152186722217378
3.80732815923691925
3.81316113767418496
3.81902100758573892
3.82490797623594414
3.83082225313254865
3.83683553096297603
3.84287721528178849
3.84894753044754667
3.85504670330749777
3.86117496323317910
3.86733254215665312
3.87351967460737168
3.87973659774969715
3.88598355142108343
3.89226077817094041
3.89856852330018677
3.90497015085128618
3.91140341761706800
3.91786858508041069
3.92436591775967480
3.93089568325415284
3.93745815229036467
3.94405359876920336
3.95068229981394659
3.95734453581916679
3.96404059050054736
3.97077075094562959
3.97758889104261071
3.98444227410977181
3.99133120481537373
3.99825599152778510
4.00521694637346393
4.01221438529604413
4.01924862811656780
4.02631999859487966
4.03342882449222184
4.04057543763503801
4.04776017398002974
4.05502609127634450
4.06233127754897794
4.06967608779542989
4.07706088152243584
4.08448602281987228
4.09195188043615410
4.09945882785515003
4.10700724337466472
4.11459751018649822
4.12223001645816467
4.12990515541625847
4.13765364984851480
4.14544592156223501
4.15328238433611840
4.16116345744503757
4.16908956575426970
4.17706113981569338
4.18507861596602293
4.19314243642712903
4.20125304940848743
4.20941090921181527
4.21761647633795889
4.22588639286044732
4.23420514798022918
4.24257322429748740
4.25099111111526806
4.25945930455964472
4.26797830770254283
4.27654863068726154
4.28517079085678887
4.29384531288497762
4.30257272891063636
4.31135357867465530
4.32018840966019990
4.32907777723609666
4.33802224480346243
4.34702238394569207
4.35607877458187431
4.36519200512374628
4.37436267263626632
4.38359138300191997
4.39287875108885384
4.40222540092294334
4.41163196586390338
4.42108056676142880
4.43059013842037519
4.44016133940347757
4.44979483827534583
4.45949131379862607
4.46925145513486832
4.47907596205027136
4.48896554512640655
4.49892092597609317
4.50894283746456193
4.51903202393605685
4.52914946824815345
4.53933517265018960
4.54958990816955566
4.55991445808171481
4.57030961816150150
4.58077619694074833
4.59131501597243297
4.60192691010154142
4.61261272774284681
4.62337333116582094
4.63420959678688860
4.64505820361782007
4.65598335813181752
4.66698596478400418
4.67806694306188753
4.68922722780812240
4.70046776955177581
4.71178953484838559
4.72319350662905357
4.73468068455889401
4.74625208540510357
4.75790874341499048
4.76955932036581753
4.78129590407287708
4.79311955796770839
4.80503136398169950
4.81703242296194034
4.82912385509855557
4.84130680036389105
4.85358241896395448
4.86595189180251442
4.87841642095827144
4.89097723017554475
4.90351058711554177
4.91614079245175617
4.92886909993071765
4.94169678613970387
4.95462515104453605
4.96765551854294696
4.98078923703402854
4.99402768000433550
5.00737224663121694
5.02082436240397190
5.03438547976346840
5.04789428626137049
5.06151242449555205
5.07524137723811553
5.08908265556813877
5.10303779957029402
5.11710837905462945
5.13129599429833050
5.14560227681020876
5.16002889011878629
5.17457753058479941
5.18924992823907072
5.20384101105274777
5.21855587129989207
5.23339626896092458
5.24836399925172437
5.26346089353582869
5.27868882026565966
5.29404968595388148
5.30954543617602681
5.32517805660560395
5.34094957408292004
5.35686205771893853
5.37265926746586331
5.38859706293659180
5.40467754179436088
5.42090284578415282
5.43727516193093230
5.45379672377793412
5.47046981266658783
5.48729675905975878
5.50427994391003317
5.52142180007487493
5.53872481378057646
5.55587263587052682
5.57318071887163491
5.59065157472858676
5.60828777085537311
5.62609193172014344
5.64406674048576207
5.66221494070838283
5.68053933809650413
5.69904280233303417
5.71772826896309283
5.73659874135032855
5.75526689175826522
5.77411848719955412
5.79315655190284051
5.81238418035957327
5.83180453943688004
5.85142087056861993
5.87123649202806597
5.89125480128580747
5.91147927745671264
5.93191348383991812
5.95256107055608741
5.97295041185044173
5.99355071797840022
6.01436565224136821
6.03539896761984718
6.05665450961594942
6.07813621920682134
6.09984813591411434
6.12179440099493632
6.14397926076000545
6.16640707002504396
6.18908229570178037
6.21143254848028015
6.23402669962865996
6.25686921758901615
6.27996468626217741
6.30331780887191417
6.32693341198840997
6.35081644971878934
6.37497200807298370
6.39940530951365716
6.42412171769944962
6.44912674243128858
6.47372667719540296
6.49861028314478073
6.52378305439640460
6.54925063520413442
6.57501882527521353
6.60109358531870427
6.62748104283789630
6.65418749817948463
6.68121943085305414
6.70858350613528298
6.73628658197414243
6.76348769845171560
6.79102101288837456
6.81889334250803270
6.84711170201641384
6.87568331101760233
6.90461560177388911
6.93391622732784896
6.96359307000679983
6.99365425033112942
7.02410813634931230
7.05496335342401881
7.08519856006415161
7.11582586256113103
7.14685380946957682
7.17829121256878988
7.21014715737617617
7.24243101417848756
7.27515244961132534
7.30832143881935714
7.34194827823203244
7.37604359899190243
7.41061838107537962
7.44442800290633766
7.47870463877846969
7.51345914013973548
7.54870271475006849
7.58444694186631452
7.62070378822566763
7.65748562487772588
7.69480524491891771
7.73267588218705271
7.77111123097802903
7.81012546685139419
7.84819426432973088
7.88682521908740419
7.92603230425411986
7.96582998409243626
8.00623323641768359
8.04725757628159677
8.08891908100472001
8.13123441664929913
8.17422086603168019
8.21789635838113952
8.26227950076074258
8.30549070863805383
8.34938706199657688
8.39398686016445517
8.43930909411345276
8.48537348043645956
8.53220049738764175
8.57981142313484391
8.62822837638653262
8.67747435956950852
8.72757330474879822
8.77855012249798961
8.82806666994615696
8.87843069603738400
8.92966665433392492
8.98179999777122440
9.03485723179053934
9.08886597096543802
9.14385499939700352
9.19985433517779327
9.25689529925251797
9.31501058903429424
9.37423435716953968
9.43162517761440000
9.49008314342737336
9.54964174140462241
9.61033594818460912
9.67220231656789764
9.73527906802938503
9.79960619195492910
9.86522555218774500
9.93218100152953909
10.00051850490793370
10.07028627199620452
10.13773083619689253
10.20654891494612038
10.27678776984622111
10.34849697102247390
10.42172854415504268
10.49653712912096459
10.57298015134541913
10.65111800708336887
10.73101426399008318
10.81273587849423734
10.89635343166288628
10.97698946145974652
11.05944258892455956
11.14378210146181303
11.23008104258101270
11.31841647781569371
11.40886978402020979
11.50152696451262813
11.59647899283778294
11.69382218827390751
11.79365862660618092
11.89609659014970688
11.99464757941031579
12.09568914482704827
12.19932798827376352
12.30567732318018415
12.41485739451204928
12.52699605041919106
12.64222937173065731
12.76070236634475030
12.88256973657152926
13.00799672866221002
13.13716007513542827
13.26115624998126741
13.38873107835331844
13.52006007931050569
13.65533106522812190
13.79474527145016083
13.93851861546225379
14.08688310350946082
14.24008840550758492
14.39840362257401907
14.56211927565358799
14.73154954868523703
14.89394765900295781
15.06183771551184769
15.23553640742031412
15.41538659449721926
15.60176015497287949
15.79506122161661530
15.99572987011114478
16.20424633638391398
16.42113585494971417
16.64697422931267923
16.88239426903727036
17.10799923214272766
17.34289735341147320
17.58774467893548277
17.84326397982229295
18.11025373911760994
18.38959866382579023
18.68228203764826034
18.98940030790851807
19.31218040048405626
19.65200038694621654
20.01041429892909562
20.35498213192748196
20.71798558999882189
21.10112953187747564
21.50634803131748995
21.93584558521127192
22.39214775385399747
22.87816389581642795
23.39726556650477463
23.95338542265908899
24.55114328870100948
25.19600866493964730
25.82408193135545460
26.50159423597038710
27.23539169230241086
28.03372567127616222
28.90664683134442114
29.86654318540292863
30.92888887405210596
32.11330866048724175
33.44512858738119832
34.95769905787550869
36.69599055161296519
38.48707958289995190
40.56894399004235652
43.02986310140426696
46.00085860721164011
49.68660608957700475
54.42894992226975859
60.85341598506352767
70.26747220016940787
86.05972620280853391
121.70683197012705534
