3.04858735157373939
3.05588023771306760
3.06320809987253817
3.07057119026968550
3.07796976355292751
3.08540407683092077
3.09287438970234740
3.10038096428612775
3.10792406525208298
3.11550395985203821
3.12312091795138835
3.13077521206112364
3.14115457261108810
3.15160298281407858
3.16212113400846651
3.17270972679261032
3.18336947118041413
3.19410108676003723
3.20490530285581787
3.21578285869349978
3.22673450356883107
3.23776099701962483
3.24886310900135333
3.26280845614631687
3.27687403676941491
3.29106141253964823
3.30537217228889046
3.31980793260503582
3.33437033844076502
3.34906106373839618
3.36388181207133208
3.37883431730261385
3.39392034426111389
3.40914168943593054
3.42731379613141574
3.44568067040218917
3.46424546038019399
3.48301138241147834
3.50198172291384324
3.52115984029553530
3.54054916693733190
3.56015321124046968
3.57997555974299297
3.60001987930719958
3.62028991938098077
3.64360247342887567
3.66721721185050287
3.69114004848214838
3.71537705248736527
3.73993445349027898
3.76481864691382828
3.79003619953253867
3.81559385524997152
3.84149854111150990
3.86775737356375338
3.89437766497239668
3.92410489909985571
3.95428946227411027
3.98494198974933678
4.01607344912179709
4.04769515341379105
4.07981877478063826
4.11245635887557359
4.14562033990969425
4.17932355644652453
4.21357926797332993
4.24840117229413039
4.28634480334719470
4.32497231216099642
4.36430235569342440
4.40435427577424576
4.44514813082208438
4.48670472934048892
4.52904566531060837
4.57219335560695939
4.61617107957250195
4.66100302089981344
4.70671431197668078
4.75547114205254662
4.80524868925100801
4.85607934547798958
4.90799688787884847
4.96103655368829877
5.01523511998667182
5.07063098874188078
5.12726427755032343
5.18517691652731649
5.24441275183883082
5.30501765641175727
5.36842460060063242
5.43336559254394924
5.49989698534292071
5.56807792648381206
5.63797053321879016
5.70964008132337497
5.78315520843608333
5.85858813331172534
5.93601489246051806
6.01551559580297290
6.09717470314748411
6.18108132349648809
6.26732953941098181
6.35601875891560830
6.44725409771156066
6.54114679478696459
6.63781466487966654
6.73738259166196407
6.83998306598822570
6.94575677408337633
7.05485324116316903
7.16743153667813981
7.28111186789157383
7.39845641048087366
7.51964522691387049
7.64487037402692682
7.77433691865331067
7.90826405822788026
8.04688635924882512
8.19045512831574385
8.33923993260235186
8.49353028911744623
8.65363754502630123
8.81253830850030617
8.97738380064146568
9.14851398324430853
9.32629524374426921
9.51112301372384472
9.70342470507406851
9.90366300969691160
10.11233961636891188
10.32999940761939683
10.55723521053767655
10.79469318872369854
11.02622625991757133
11.26790924126333060
11.52042451507867327
11.78451703500949144
12.06100166617396496
12.35077158340430081
12.65480790991490778
12.97419081553875131
13.31011233906497715
13.66389125546057315
14.03699037883186307
14.39407679904854653
14.76980526702944196
15.16567474995978237
15.58334934595997368
16.02468166725481780
16.49174031252647410
16.98684228778688166
17.51259144787932698
18.07192430465505595
18.66816490314754517
19.30509093143701449
19.90266173557112950
20.53840872377705651
21.21611097449518013
21.94006337661163641
22.71516774289809604
23.54704394402186907
24.44216639059049001
25.40803287487274176
26.45337509163266887
27.58842335650323108
28.82524253004409687
29.96140783782546890
31.19081363868965440
32.52542885874113665
33.97936253726595623
35.56936454010461546
37.31547375391112809
39.24186705670475561
41.37798556906826519
43.76004992421187723
46.43313089932031801
49.45402832729672582
52.17744363739253544
55.21829501230239856
58.63551669123724963
62.50359404753739057
66.91805526315290820
72.00346702921164876
77.92537587408553179
84.90867023499609445
93.26678752444077247
103.45005491237796491
116.12957991009987779
127.74253790110986984
141.93615322345542040
159.67817237638735151
182.48933985872838548
212.90422983518311639
255.48507580221973967
319.35634475277470301
425.80845967036623279
638.71268950554940602
1277.42537901109881204
