21.34447149235516861
21.53521429917375940
21.72887354369017743
21.92551185130241009
22.12519358598864017
22.32798490967740435
22.53395384402886492
22.74317033474059002
22.95570631849794552
23.17163579269506357
23.39103488805975317
23.61398194432258890
23.95020315210573969
24.29462313618954994
24.64752379622467160
25.00919961207492292
25.37995833695460135
25.76012173615343670
26.15002637484370496
26.55002445877120820
26.96048473196806938
27.38179343599716731
27.81435533564580354
28.40313780901129803
29.01329051301776474
29.64591294886609063
30.30217841711498394
30.98334016378180422
31.69073814061252392
32.42580645143820561
33.19008156623050354
33.98521139564897453
34.81296533179248343
35.67524537583095423
36.78531238969350170
37.95476310811604037
39.18813518506689064
40.49042195607812289
41.86712964167316642
43.32434323508520890
44.86880263183569184
46.50799088309611307
48.25023685649617278
50.10483508809609532
52.08218623490689936
54.64310293642796523
57.42231745395220344
60.44677509080008093
63.74785309188757765
67.36228531684099607
71.33332388434273241
75.71221073155049908
80.56005856660587483
85.95027849543906484
91.97174621303415165
98.73297872617652615
113.87601759235434429
133.34012424856098278
159.07184907495221182
194.31050399428698938
244.81770715085960433
321.77506858860954253
449.64155182770127794
692.20526598045330502
1271.57936371506502837
3596.42887014509324217
