7.00091146645376661
7.04325633802741891
7.08611657095434389
7.12950163120217173
7.17342121798983712
7.21788527101655131
7.26290397796131071
7.30848778226481066
7.35464739120626110
7.40139378428821626
7.44873822194322610
7.49669225457678934
7.56871766859199369
7.64214049487510572
7.71700179997267810
7.79334427547783370
7.87121231921441034
7.95065212133718102
8.03171175569901230
8.11444127686470118
8.19889282318288615
8.28512072636200259
8.37318162803421195
8.49229850293206034
8.61485340026123225
8.74099734489390912
8.87089033874323540
9.00470203782787593
9.14261249155360289
9.28481295098577597
9.43150675374280212
9.58291029412050221
9.73925408818113425
9.90078394483223789
10.10679643639284642
10.32156439926777658
10.54565810923308966
10.77969846670869813
11.02436274183640919
11.28039112009566836
11.54859418169236207
11.82986147391564913
12.12517136744991397
12.43560242674627681
12.76234657292603991
13.17938127332345566
13.62459151811073355
14.10093251520522806
14.61178772316759300
15.16104934157225870
15.75321766439190441
16.39352466335279601
17.08808898732469572
17.84411210725576069
18.67012893925131678
19.57633145544994946
21.53396460099494547
23.92662733443882672
26.91745575124367562
30.76280657284991094
35.88994100165823653
43.06792920198988384
53.83491150248735124
71.77988200331647306
107.66982300497470249
215.33964600994940497
