10.00004539889921418
10.06053047147528190
10.12175168204627518
10.18372255172390872
10.24645693479417652
10.30996902904316137
10.37427338646926245
10.43938492439882815
10.50531893702300934
10.57209110737458424
10.63971751976446534
10.70821467269858651
10.81109519239631567
10.91597176449193540
11.02290304810889232
11.13195002357401897
11.24317610838032344
11.35664728017185432
11.47243220725179569
11.59060238715626312
11.71123229388137510
11.83439953440067782
11.96018501516410737
12.13033059727312768
12.30538702285737074
12.48557001462457983
12.67110811801530268
12.86224366831645050
13.05923384664513520
13.26235183447856336
13.47188807762869800
13.68815167196008176
13.91147188475437524
14.14219982746994475
14.43646640664580616
14.74323923033733053
15.06333287585746206
15.39763423235157447
15.74711070702054805
16.11281957482544769
16.49591866198605672
16.89767859066617817
17.31949685765000169
17.76291407568896474
18.22963277528669934
18.82532177333696666
19.46125649144632064
20.14165812473746442
20.87135957809342912
21.65592043795268751
22.50176888788116969
23.41637823403895524
24.40848830505703404
25.48838562387824069
26.66826139573892362
27.96267375133086475
30.75894112646395229
34.17660125162661444
38.44867640807994036
43.94134446637707470
51.26490187743992522
61.51788225292791168
76.89735281615989493
102.52980375487985043
153.79470563231978986
307.58941126463957971
