12.66463757225208298
12.77588821441597133
12.88884436120211952
13.00354271245076454
13.12002098660619964
13.23831795547713597
13.35847348040856630
13.48052854993175131
13.60452531896252459
13.73050714962170460
13.85851865375585845
13.98860573724042311
14.18479729527346578
14.38578562120590121
14.59173589776324675
14.80282067650903599
15.01922028367741824
15.24112325270161605
15.46872678548538715
15.70223724464440451
15.94187067914183409
16.18785338595991163
16.44042251068844251
16.78423304328061505
17.14055244370147335
17.51002485533225439
17.89333764220685197
18.29122498815186404
18.70447185566798254
19.13391834668373548
19.58046451299254187
20.04507567073300578
20.52878828084081420
21.03271646616536117
21.68151090777666923
22.36507713462389901
23.08607302797383909
23.84742334506716332
24.65235322432781473
25.50442677766917399
26.40759168227618403
27.36623087423037504
28.38522268166251550
29.47001102802147443
30.62668770253148409
32.12485038493076672
33.75085894152729793
35.52049565054787195
37.45213872200690020
39.56730393343045193
41.89132507393362204
44.45421592423724633
47.29177204302396831
50.44699277389140946
53.97193587531420178
57.93016408247782323
66.79605692342732937
78.19289592432002678
93.26087686829480106
113.89744695848145284
143.47753154003214604
188.55090653895632613
263.44480073030626954
405.52426455803447425
744.89654185075812620
2106.71742583118611947
