5.00671534848911026
5.02356716871987885
5.04053281324403013
5.05761343919529427
5.07481021944524002
5.09212434287174176
5.10955701463296830
5.12710945644700988
5.14478290687729611
5.16257862162393533
5.18049787382111848
5.19854195434074207
5.21958952706291246
5.24080822515378131
5.26220014411075798
5.28376741378506143
5.30551219908862226
5.32743670071850151
5.34954315589935536
5.37183383914445578
5.39431106303582109
5.41697717902401354
5.43983457824818029
5.46589646588853295
5.49220927724740626
5.51877665369272030
5.54560230739219762
5.57269002304248318
5.60004365964919870
5.62766715235966331
5.65556451435014029
5.68373983876949040
5.71219730074120857
5.74094115942591632
5.77307118516696072
5.80556287589566988
5.83842237268557263
5.87165595643556237
5.90527005187226006
5.93927123169064863
5.97366622083858356
6.00846190095103427
6.04366531494021597
6.07928367174802808
6.11532435126754059
6.15490724262234856
6.19500589169935179
6.23563044494267693
6.27679131669974311
6.31849919812205485
6.36076506642322581
6.40360019451107920
6.44701616101158148
6.49102486070332318
6.53563851538231422
6.58086968517791870
6.62976149585655428
6.67938521628668092
6.72975740543079848
6.78089512556083562
6.83281596152717441
6.88553804091975508
6.93908005516981596
6.99346128164387792
7.04870160678482716
7.10482155035845686
7.16184229086758073
7.22258335668182383
7.28436355064234142
7.34720976814213689
7.41114984081718919
7.47621257764299596
7.54242780821502290
7.60982642834964818
7.67844044815208893
7.74830304270840209
7.81944860557023969
7.89191280521352034
7.96806201677952064
8.04569507630295710
8.12485578203260772
8.20558967304964249
8.28794411662593866
8.37196840089628580
8.45771383322546733
8.54523384468272873
8.63458410107065255
8.72582262099324524
8.81900990148945674
8.91568992119372972
9.01451318160013138
9.11555174981895178
9.21888096062341234
9.32457960377583106
9.43273012438994307
9.54341883740017138
9.65673615731036605
9.77277684450728756
9.89164026954912146
10.01343069697823296
10.13825759036190277
10.26623594043678800
10.39748661842476096
10.53213675680191308
10.67032016004209360
10.81217774812446386
10.95785803589522800
11.10751765171137073
11.26132189917391635
11.41944536618594341
11.58207258605309065
11.74682708608855108
11.91633647603378243
12.09080961216508854
12.27046776439653186
12.45554555246616957
12.64629196814382972
12.84297149282524408
13.04586532106102048
13.25527270192337426
13.47151241166709390
13.69492437292641185
13.91875793826872965
14.15002987154865188
14.38911722207956423
14.63642296055903280
14.89237824557725887
15.15744493217252753
15.43211835313716840
15.71693040831084787
16.01245300239838798
16.31930187806388943
16.63814089836023768
16.95425096821250932
17.28260529581822880
17.62392933769416459
17.97900701482545571
18.34868672332225614
18.73388810218123268
19.13560967179713757
19.55493747679258121
19.99305489067441499
20.45125376870298695
20.93094717033498142
21.40204450798739799
21.89483630609364084
22.41085645766141354
22.95178694990468315
23.51947617904547982
24.11596005203591986
24.74348638283355584
25.40454319936027971
26.10189171257593443
26.83860486876797680
27.61811262018038704
28.37790582391895811
29.18068650602475955
30.03020908469480332
30.93067828973859434
31.88681876356694644
32.90395798315126541
33.98812557538471424
35.14617293575043533
36.38591816354533393
37.71632279333200444
39.14770876959093471
40.53873498524244923
42.03225717256020033
43.64003708133306958
45.37570763508252014
47.25516044928781412
49.29703381649799354
51.52333291856587749
53.96022604352029362
56.63907797124871024
59.59780725306247007
62.88269235080463915
66.10720463386500967
69.68028535973743942
73.66168413904209444
78.12563405627030022
83.16552331855410785
88.90049980606033841
95.48501066103050050
103.12292034535761331
112.08899370719547051
122.76265338071026179
135.68305437616717768
149.25135981378389260
165.83484423753765213
186.56419976722983733
213.21622830540553650
248.75226635630644978
298.50271962756772837
373.12839953445961783
497.50453271261278587
