3.04858735157373628
3.06356003143678235
3.07868050933388471
3.09395098453145545
3.10937370014748904
3.12495094424999120
3.14068505098859507
3.15657840176053561
3.17263342641220580
3.18885260447756735
3.20523846645474686
3.22179359512218877
3.24081568629761874
3.26006373174561581
3.27954178152372267
3.29925398306351214
3.31920458411469443
3.33939793579668809
3.35983849576226934
3.38053083147811995
3.40147962362735523
3.42268966963934762
3.44416588735244344
3.46834255584546503
3.49286104488938065
3.51772865531309753
3.54295289735095720
3.56854149820478073
3.59450240993598991
3.62084381770474195
3.64757414837401273
3.67470207949761818
3.70223654871232455
3.73018676355539114
3.76104113684541197
3.79241019346241659
3.82430691990769223
3.85674474328924966
3.88973755016783596
3.92329970637861214
3.95744607788793612
3.99219205274886813
4.02755356422352495
4.06354711514527267
4.10018980359903296
4.13989474434200755
4.18037618462759664
4.22165712810354510
4.26376149611793931
4.30671417394328770
4.35054105982296591
4.39526911704315193
4.44092642925025149
4.48754225925227601
4.53514711156289607
4.58377279896906220
4.63554276764929618
4.68849549360374862
4.74267197780866390
4.79811513849176396
4.85486992452385557
4.91298343695432305
4.97250505938115861
5.03348659791394404
5.09598243156352648
5.16004967397597891
5.22574834752192352
5.29454029821168071
5.36516756885202284
5.43770459998484412
5.51222991306860433
5.58882639401497716
5.66758160069833483
5.74858809683653682
5.83194381491976532
5.91775245117921234
6.00612389594481755
6.09717470314748855
6.19102860318363035
6.28781706388740513
6.38767990495899785
6.49076597188773086
6.59723387620125479
6.70725280978344074
6.82100344205408682
6.93867891001709047
7.06048591258912150
7.18664592225209731
7.31739652897121839
7.45022158466849138
7.58795785754457874
7.73088286723363538
7.87929544395216386
8.03351781407160814
8.19389793550756096
8.36081211854791384
8.53466797366813701
8.71590773494029847
8.90501201607922255
9.10250406628983377
9.30052897566508641
9.50736155678442429
9.72360279083353163
9.94990960786484457
10.18700155270014029
10.43566842712970733
10.69677907940341655
10.97129154711509891
11.26026480300977006
11.56487240724453791
11.88641843714819579
12.20548713592705425
12.54215793662952549
12.89792874273173418
13.27447237758440224
13.67366288540303998
14.09760672493811917
14.54867995166360828
15.02957277409744208
15.54334324879370932
16.09348237817749805
16.68399354001929069
17.26704716283086682
17.89232832376404048
18.56459686935017928
19.28935594089340810
20.07300295948386548
20.92301897288819390
21.84820823851087113
22.85900431144748879
23.96786522016558862
25.18978952273044669
26.54299869995558225
27.89175028152257596
29.38491029254025122
31.04698287015004610
32.90834855632603961
35.00713818977260416
37.39187271042050753
40.12526080004818851
43.28979355917108762
46.99621324067677364
51.39673984181539623
56.70649626855585268
62.37714589541143795
69.30793988379048187
77.97143236926430632
89.11020842201634196
103.96190982568573702
124.75429179082290432
155.94286473852864106
207.92381965137153088
311.88572947705728211
623.77145895411456422
