3.97698535404797537
3.98109814494527514
3.98522211570885521
3.98935731471428578
3.99350379062342897
3.99766159238659435
4.00183076924470349
4.00601137073148728
4.01020344667567752
4.01440704720324515
4.01862222273965575
4.02284902401212552
4.02817993853010403
4.03352941372676721
4.03889755248870586
4.04428445848283058
4.04969023616389379
4.05511499078205517
4.06055882839059201
4.06602185585366538
4.07150418085417609
4.07700591190174411
4.08252715834073321
4.08917942993615124
4.09586016180331480
4.10256954782643302
4.10930778369746363
4.11607506693751812
4.12287159691854477
4.12969757488535194
4.13655320397793602
4.14343868925412906
4.15035423771258571
4.15730005831608374
4.16539963564894045
4.17354060698762819
4.18172330922070312
4.18994808299052934
4.19821527274635109
4.20652522679834551
4.21487829737256359
4.22327484066680992
4.23171521690754382
4.24019979040768824
4.24872892962554261
4.25842994315377066
4.26818899054948453
4.27800662470034876
4.28788340570790183
4.29781990100710498
4.30781668548830687
4.31787434162166850
4.32799345958413806
4.33817463738893583
4.34841848101777284
4.35872560455571101
4.37021729305228757
4.38178824572533276
4.39343933325101776
4.40517143940794487
4.41698546132773284
4.42888230975139319
4.44086290929172378
4.45292819870179724
4.46507913114981037
4.47731667450036763
4.48964181160249787
4.50315746588603005
4.51677937963424281
4.53050888317791767
4.54434732967277988
4.55829609559738458
4.57235658126425193
4.58653021134456118
4.60081843540690727
4.61522272847056403
4.62974459157360485
4.64438555235652206
4.66021425685201685
4.67618355678094133
4.69229544059134529
4.70855193528462568
4.72495510736639268
4.74150706382584097
4.75820995314464756
4.77506596633643010
4.79207733801788383
4.80924634751267632
4.82657531998938261
4.84507760954180888
4.86376430906367752
4.88263834472498903
4.90170270637159611
4.92096044928878129
4.94041469602422456
4.96006863827280231
4.97992553882556876
4.99998873358563856
5.02026163365354616
5.04074772748505229
5.06237679282711994
5.08424649942608209
5.10636110899937190
5.12872498680908961
5.15134260486578022
5.17421854525295100
5.19735750357759230
5.22076429255237784
5.24444384571547584
5.26840122129426724
5.29264160621942814
5.31797248718898885
5.34361675524452018
5.36958058077112366
5.39587030090144637
5.42249242525795516
5.44945364193609727
5.47676082374034223
5.50442103468564881
5.53244153677775863
5.56082979708643688
5.58959349512665948
5.61936398721624020
5.64954293851596834
5.68013926624282384
5.71116215493932788
5.74262106669341765
5.77452575183460404
5.80688626013278153
5.83971295252754174
5.87301651341778719
5.90680796354322268
5.94109867349153831
5.97626778094056110
6.01197114849030001
6.04822168801403670
6.08503274013869522
6.12241809241568724
6.16039199843153007
6.19896919791576195
6.23816493790772508
6.27799499504832248
6.31847569906747530
6.35962395754328824
6.40145728201441333
6.44399381553331807
6.48725236175458964
6.53125241565953285
6.57601419602628123
6.62155867976277523
6.66790763822939603
6.71508367568783004
6.76311027002372178
6.81201181590262106
6.86181367053144342
6.91201132888082981
6.96314312472231123
7.01523671007770755
7.06832086337060250
7.12242554810676776
7.17758197529331010
7.23382266987902955
7.29118154152359921
7.34969396003014541
7.40939683580610620
7.47032870575023278
7.53122262439549495
7.59337300761094802
7.65682110086025514
7.72161001472176967
7.78778483288877066
7.85539272782825382
7.92448308474363117
7.99510763454979045
8.06732059663928602
8.14117883229672934
8.21674200970554303
8.29161079673454715
8.36819738323863049
8.44656449651646035
8.52677802329430712
8.60890721380877544
8.69302490205860856
8.77920774375004420
8.86753647362751352
8.95809618406984498
9.05097662704468142
9.14627254175346671
9.23986485640897648
9.33585568714357983
9.43434293052048645
9.53543000345639236
9.63922624316011145
9.74584734267482489
9.85541582580195019
9.96806156565344104
10.08392235161287331
10.20314451009730483
10.32588358521290317
10.44533194171834545
10.56822178642510757
10.69471122633268045
10.82496842431672412
10.95917242261211832
11.09751404933778751
11.24019691806855548
11.38743853186826271
11.53947150483582185
11.69654491612357994
11.85892581361541609
12.01544206768389955
12.17707590220765823
12.34409462377018407
12.51678491850617370
12.69545466590111182
12.88043496218718253
13.07208238234992947
13.27078151446810672
13.47694780569832140
13.69103076587354373
13.91351758264384308
14.12579048856949093
14.34604789892047449
14.57477091148186332
14.81248099308875688
15.05974436708321740
15.31717699147572453
15.58545022340821440
15.86529728371577264
16.15752065759284761
16.46300059460038412
16.78270490479803101
17.08442981835029428
17.39947857701830358
17.72879746762200170
18.07342678075551490
18.43451295904354481
18.81332269892310194
19.21125938532923172
19.62988232575897030
20.07092936054792887
20.53634356696078811
21.02830495550868761
21.48733712772385118
21.97093863414484005
22.48123712856218503
23.02061956726213410
23.59177357892999893
24.19773710184289328
24.84195829761194574
25.52836833234640324
26.26147039518263426
27.04644937836685870
27.88930808535806705
28.66727056787838990
29.49855190612986533
30.38912070407314658
31.34589510009165281
32.37694257786831287
33.49173303468472795
34.70146258141594586
36.01947246795901236
37.46179770754893923
39.04789522258256085
40.80162463625901381
42.41204635676615453
44.18032797920754007
46.13220973013512349
48.29951550709497354
50.72209675662030293
53.45058251569211194
56.55035864561569525
60.10747567568162708
64.23768375007237807
69.10073518204077914
74.92396766643474848
80.45908957546099316
87.05687489388220968
95.07740387373824831
105.07058081938519933
117.92369848324307213
135.17516265163118305
159.76781407107580435
198.19981114401608124
268.58489154389309306
451.61044922330279405
