3.97698535404797671
4.02284902401212907
4.08252715834073410
4.15730005831608640
4.24872892962554349
4.35872560455571101
4.48964181160249876
4.64438555235652384
4.82657531998938438
5.04074772748505495
5.29264160621942814
5.58959349512665948
5.94109867349153564
6.35962395754328735
6.86181367053144342
7.47032870575023455
8.21674200970554303
9.14627254175345783
10.32588358521289074
11.85892581361540010
13.91351758264383243
16.78270490479802035
21.02830495550868761
27.88930808535808126
40.80162463625901381
74.92396766643470585
