3.04858735157374205
3.07513024773369725
3.10950760815834348
3.15232876184973687
3.20431681886036701
3.26633539163546871
3.33942168396876493
3.42482832932370407
3.52407727497580048
3.63903037968785048
3.77198348257209837
3.92579395004684661
4.10405687820540521
4.31135357867466062
4.55361021922012466
4.83862935902379032
5.17690234987583420
5.58289686363896198
6.07718799274328081
6.69017773642736557
7.46903180918304255
8.49177095983246666
9.89937571028236896
11.98191256343205069
15.47697975430943984
23.25307686641957972
