3.04858735157374117
3.05097198554473437
3.05336222413427016
3.05575808933108162
3.05815960324486769
3.06056678810715121
3.06297966627214135
3.06539826021760975
3.06782259254576317
3.07025268598413703
3.07268856338648755
3.07513024773369503
3.07820844252598036
3.08129589965011341
3.08439266565028269
3.08749878739878270
3.09061431209899151
3.09373928728838488
3.09687376084158439
3.10001778097343239
3.10317139624211391
3.10633465555230170
3.10950760815834260
3.11332851032808566
3.11716353235149768
3.12101276140812045
3.12487628543293949
3.12875419312481906
3.13264657395505530
3.13655351817604711
3.14047511683008418
3.14441146175825947
3.14836264560950152
3.15232876184973554
3.15695069686647001
3.16159302168341627
3.16625588665982916
3.17093944371185499
3.17564384633331942
3.18036924961685763
3.18511581027539004
3.18988368666394839
3.19467303880186915
3.19948402839534563
3.20431681886036612
3.20980940117799296
3.21533032550201803
3.22087983641761966
3.22645818147521668
3.23206561123684777
3.23770237932344163
3.24336874246299800
3.24906496053970262
3.25479129664398448
3.26054801712356168
3.26633539163546871
3.27278210500388900
3.27926714099269034
3.28579088079547521
3.29235371093546103
3.29895602336166771
3.30559821554723898
3.31228069058995001
3.31900385731495584
3.32576813037984653
3.33257393038206784
3.33942168396876404
3.34692310803545068
3.35447531217549022
3.36207887190359056
3.36973437190766933
3.37744240623769754
3.38520357849932729
3.39301850205242639
3.40088780021468384
3.40881210647043353
3.41679206468485264
3.42482832932370274
3.43350625247646812
3.44225047676477347
3.45106185076917704
3.45994123835373291
3.46888951902174281
3.47790758828166835
3.48699635802356811
3.49615675690641448
3.50538973075665794
3.51469624297843009
3.52407727497579959
3.53408002838220492
3.54416844374265994
3.55434375073778019
3.56460720390389785
3.57496008328276726
3.58540369509215884
3.59593937241812389
3.60656847592976693
3.61729239461740448
3.62811254655499971
3.63903037968784959
3.65053987074586805
3.66215926351064613
3.67389031823781176
3.68573483490829013
3.69769465438845213
3.70977165963194144
3.72196777692496550
3.73428497717692176
3.74672527725830973
3.75929074138801322
3.77198348257209837
3.78522462588500552
3.79860620026354834
3.81213070566233814
3.82580070478885936
3.83961882514335917
3.85358776114036683
3.86771027631574826
3.88198920562338046
3.89642745782579647
3.91102801798336364
3.92579395004684661
3.94104753881420367
3.95648032303892361
3.97209583900022301
3.98789772145483390
4.00388970719120163
4.02007563874174600
4.03645946826153956
4.05304526158230516
4.06983720245116753
4.08683959696419485
4.10405687820540610
4.12167749301798558
4.13952703467096050
4.15761050351489203
4.17593305415729610
4.19450000163540881
4.21331682789356066
4.23238918858309265
4.25172292020396370
4.27132404760851792
4.29119879188934661
4.31135357867466151
4.33179504685632999
4.35253005777747504
4.37356570490852281
4.39490932404269063
4.41656850404418222
4.43855109818486593
4.46086523610789243
4.48351933645964795
4.50652212023460841
4.52988262488115012
4.55361021922012466
4.57746270288174095
4.60169398521007356
4.62631419963810586
4.65133386322405240
4.67676389552812033
4.70261563863709586
4.72890087842014939
4.75563186710637353
4.78282134728224673
4.81048257741582930
4.83862935902378943
4.86667492586932493
4.89521388657217660
4.92426087968809334
4.95383115911722172
4.98394062776556179
5.01460587348473830
5.04584420747459372
5.07767370535055651
5.11011325109714409
5.14318258415038088
5.17690234987583509
5.21020102414143338
5.24415062406811927
5.27877263709716971
5.31408955700355357
5.35012494531420746
5.38690349737079988
5.42445111345784614
5.46279497546165782
5.50196362957570262
5.54198707562418136
5.58289686363896553
5.62292518602433589
5.66382702862396492
5.70563463150299111
5.74838192559714933
5.79210464846529582
5.83684046987667227
5.88262912823592821
5.92951257896884609
5.97753515612813136
6.02674374863416862
6.07718799274328614
6.12607291596952486
6.17615683328517218
6.22748957262069958
6.28012391000463310
6.33411579768446131
6.38952461419967133
6.44641343894795593
6.50484935413117160
6.56490377736740172
6.62665282871919903
6.69017773642736913
6.75111511737662529
6.81374856092057346
6.87815823289569739
6.94442970619693245
7.01265443889581341
7.08293030506771881
7.15536218533613066
7.23006262523933341
7.30715257082151304
7.38676219238686649
7.46903180918304699
7.54709240575734430
7.62765278911755118
7.71084929309350819
7.79682889344648800
7.88575030028138624
7.97778519071908487
8.07311960362118164
8.17195552216186627
8.27451267489832709
8.38103059191072930
8.49177095983247021
8.59560962738421708
8.70335315828491929
8.81525259077363366
8.93158215458386273
9.05264210033169725
9.17876196257197208
9.31030433733193696
9.44766927282003444
9.59129939451968561
9.74168591439290488
9.89937571028236896
10.04536591364162490
10.19801160233754977
10.35783433873930370
10.52541476123233544
10.70140147557383337
10.88652163852111698
11.08159362804657455
11.28754230441402484
11.50541751245040167
11.73641667128033284
11.98191256343204891
12.20626769800990630
12.44371678480762355
12.69558513876878081
12.96339381343450370
13.24889841039522764
13.55413772786964977
13.88149533915725975
14.23377836898271731
14.61431944849316444
15.02711036551689006
15.47697975430943984
15.88436110926847356
16.32570340734589109
16.80600357122516542
17.33135239816697748
17.90926303847057355
18.54912867954291755
19.26287414073840765
20.06590660587047736
20.97854263336408209
22.02822180523655149
23.25307686641958327
24.38803276468151893
25.70724372906894928
27.26664954966000209
29.14927448573191882
31.48481491479078187
34.48988669541201091
38.56086559360342392
44.52625226130381719
54.53329909932000419
77.12173118720684784
