3.97698535404797981
4.00246979740233133
4.02838709740040279
4.05474905447206257
4.08156791273114106
4.10885638131011444
4.13662765694841106
4.16489544792161404
4.19367399940589802
4.22297812037976517
4.25282321217357229
4.28322529878643632
4.33529438754189389
4.38904637671968612
4.44456920964226754
4.50195722211141014
4.56131174212618262
4.62274175901640039
4.68636467160973869
4.75230712661195742
4.82070596023310483
4.89170925830026349
4.96547755273682245
5.06039730987656355
5.16013540363538237
5.26509036068381242
5.37570702581988780
5.49248358982331819
5.61597994929242716
5.74682770468289750
5.88574218640343627
6.03353700918330382
6.19114180188467955
6.35962395754328735
6.54021551693151970
6.73434666790421854
6.94368785595012206
7.17020322445731928
7.41621913658212062
7.68451303030690713
7.97843007150011729
8.30203839658506126
8.66033883919639891
9.05955303908206133
9.50752670221453400
9.91393043247701122
10.36584125925828914
10.87179696144304231
11.44267483400500574
12.09256699932484125
12.84008596309485917
13.71037189855126037
14.73829015009028609
15.97374287595026487
17.49094949740193528
19.40569864491534702
20.81692691956601493
22.49974090741302035
24.54622921463951357
27.09703878971623681
30.37912883031857092
34.78604112278246419
41.07065862657648125
50.89560335997177987
68.89594037457331410
115.72079047064163149
