3.04858735157374383
3.06334941986178944
3.07832803167305524
3.09352853341052692
3.10895645812305865
3.12461753396741315
3.14051769314397689
3.15666308133780493
3.17306006769913074
3.18971525540013978
3.20663549280775984
3.22382788531539566
3.25317180839742948
3.28333188319319724
3.31434665817738860
3.34625727996008715
3.37910772285540384
3.41294504373919549
3.44781966555554220
3.48378569335744803
3.52090126738820164
3.55922895844575837
3.59883621164772682
3.64948727062435641
3.70233898243140258
3.75755546062086943
3.81531848053134270
3.87583000074134842
3.93931513892254026
4.00602570215380638
4.07624439807403327
4.15028988769767260
4.22852288620647787
4.31135357867466062
4.39925069935656055
4.49275273436214651
4.59248186072577980
4.69916144857952034
4.81363825540862766
4.93691087531820916
5.07016663946711255
5.21483010445979112
5.37262769044987465
5.54567523674089635
5.73659874135033565
5.90700705919880509
6.09356344451193976
6.29899073808931664
6.52670118292486823
6.78103840914365907
7.06763204845108817
7.39393268303317797
7.77004660227837274
8.21009158875834899
8.73450756239548198
9.37423435716954323
9.83177993862005017
10.36360601986327445
10.99226414128657048
11.75122466331863080
12.69277332195054342
13.90423653146419092
15.54540902979491257
17.95029217602986549
21.98452828257314096
31.09081805958982514
