3.97698535404797271
3.98956818031986771
4.00222555627374454
4.01495811513212431
4.02776649706027268
4.04065134925913227
4.05361332605975022
4.06665308901915790
4.07977130701781654
4.09296865635859319
4.10624582086730250
4.11960349199488629
4.13774142167601688
4.15602869881355552
4.17446708586816850
4.19305837215523347
4.21180437434477017
4.23070693697237044
4.24976793296137068
4.26898926415661251
4.28837286187004008
4.30792068743844681
4.32763473279371880
4.35244320669558338
4.37751706101109317
4.40286036143115744
4.42847725407824200
4.45437196745170372
4.48054881442871178
4.50701219432263755
4.53376659500082635
4.56081659506370052
4.58816686608727320
4.61582217493119451
4.64891710620185084
4.68245339746175215
4.71643946884420817
4.75088394791077118
4.78579567590301469
4.82118371421729730
4.85705735111183579
4.89342610865556971
4.93029974992906972
4.96768828648799055
5.00560198610012641
5.04933574899190774
5.09377713140274757
5.13894248622513317
5.18484865431912745
5.23151298234279860
5.27895334135501848
5.32718814622927717
5.37623637591971271
5.42611759462252152
5.47685197387883171
5.52846031566748675
5.58630051902361213
5.64525509562032646
5.70535465148077048
5.76663087806023711
5.82911659944110916
5.89284582196474993
5.95785378644650798
6.02417702313006753
6.09185340954819843
6.16092223146846596
6.23142424711527720
6.30858035072630141
6.38748344131156642
6.46818978607769779
6.55075799314496177
6.63524913114958270
6.72172685611928866
6.81025754613712930
6.90091044435038548
6.99375781092703441
7.08887508461189331
7.18634105458921812
7.29083616583859406
7.39808668573971051
7.50819575131020134
7.62127149069046972
7.73742732044905779
7.85678226402268276
7.97946129304435381
8.10559569348034792
8.23532345868135884
8.36878971165846508
8.50614715912200836
8.65072392265370382
8.79971443728540947
8.95330966681686036
9.11171127586017526
9.27513237010035496
9.44379829784405267
9.61794751879229004
9.79783254663366598
9.98372097279816195
10.17589657955084625
10.37466055155188371
10.58033279608143751
10.79325338334219708
11.01378411963102799
11.24231026773802178
11.47924243071647155
11.72501861720325245
11.98010650879732353
12.24500595266974301
12.52025170563788237
12.80641645945399354
13.10411418111128334
13.40717972173532146
13.72257882094652182
14.05102308098326169
14.39327763063629284
14.75016612975713670
15.12257633663436529
15.51146631258225916
15.91787134941207782
16.34291171874479431
16.78780135775850724
17.25385762441116100
17.72078393479323566
18.20974752082227965
18.72222705026557676
19.25983108705123215
19.82431231980160646
20.41758367001197172
21.04173657227833871
21.69906177161262306
22.39207304633880113
23.12353434184527501
23.89649089375053848
24.65851918538943011
25.46265694595150819
26.31222662478515772
27.21089534767240536
28.16271965546554057
29.17219727075590541
30.24432719788462265
31.38467974333619281
32.59947839501867151
33.89569593971472017
35.28116775386180848
36.62469557957857091
38.05661759018271795
39.58528248073218947
41.22008070607677865
42.97160788101563611
44.85185935652729938
46.87446304273243669
49.05495942327115699
51.41114015276891536
53.96345984907206628
56.73553996413487255
59.37846976337085891
62.23431218573513490
65.32785871936407318
68.68773959037474697
72.34717607416858698
76.34491347679498574
80.72638676732724150
85.54518846676960209
90.86493297933425595
96.76164625341245085
103.32685929665126423
109.48360550430429328
116.27856760246024237
123.80833215524262414
132.18912630410986253
141.56192963021476316
152.09923631491994911
164.01411439554217964
177.57251201336092095
193.11023163804239289
211.05674158888319880
231.96921198011625620
251.37944145943015428
273.65851575600629531
299.43718038428522732
329.53639160775418304
365.04244363599599410
407.41986754547610872
458.68584417716931512
521.68832771734105336
600.56616941017500722
701.54396860262647806
834.37782461226481701
962.59784625627696641
1127.39182900635773876
1345.23477227385569677
1643.54303376625512101
2071.08057758896529776
2722.48348045923466998
3804.76044235934205062
5857.78090748098020413
10761.39000646692147711
-nan(ind)
