7.83797605729311009
7.88697435106491884
7.93652153856984999
7.98662628119116125
8.03729741593325464
8.08854395977980545
8.14037511418015391
8.19280026966842101
8.24582901061982732
8.29947112014900235
8.35373658515515061
8.40863560151924005
8.47513926311328447
8.54258223230000091
8.61098319468841211
8.68036131411821188
8.75073624766488045
8.82212816120411247
8.89455774555999668
8.96804623326231365
9.04261541593954377
9.11828766237583288
9.19508593726104095
9.28493864629180443
9.37635254230757198
9.46936582722878661
9.56401790753868219
9.66034944093914660
9.75840238515804614
9.85822004902300186
9.95984714592434450
10.06332984979703404
10.16871585375972842
10.27605443155770715
10.39800428258355325
10.52251396229255143
10.64965915707905886
10.77951844272248394
10.91217342018960679
11.04770885904937394
11.18621284899702140
11.32777696002178303
11.47249641179254098
11.62047025287938418
11.77180155047654608
11.93939863650967226
12.11119133119704294
12.28732767346304833
12.46796246325530610
12.65325764262954600
12.84338270249985392
13.03851511707043365
13.23884080814669240
13.44455464172287051
13.65586095946434853
13.87297414794558925
14.10801717167641378
14.35001882847572219
14.59926988358868094
14.85607687418912093
15.12076316785130636
15.39367010605435659
15.67515824070077990
15.96560867249016269
16.26542450095360337
16.57503239703771669
16.89488431034611082
17.23406927171643943
17.58508236776463818
17.94850707225728570
18.32496434324260193
18.71511560979599054
19.11966604421392546
19.53936815159888951
19.97502571289043516
20.42749812210942650
20.89770516399430278
21.38663228443530784
21.89533641329254010
22.42495240748338858
22.97670019183523138
23.55189268635777822
24.15194462157480970
24.77838235870200734
25.43285484917415928
26.11714588879891963
26.83318784624091791
27.58307707434310174
28.36909124685296746
29.17262989019334896
30.01536890643688693
30.90003308147829486
31.82959558857329441
32.80730623507297850
33.83672358523689638
34.92175158604392493
36.06668144037035972
37.27623961450139944
38.55564304077321935
39.91066278894676600
41.27389770835750227
42.71723930227877020
44.24742734102524366
45.87194851573246268
47.59914015721366809
49.43831141602393586
51.39988538567850185
53.49556645935435739
55.73853823442409094
58.14369858424219473
60.72794019051320902
63.29296199064138051
66.04469752160088092
69.00273029341514075
72.18936598843067998
75.63010964922926860
79.35424497413690403
83.39554178724254996
87.79312555704557042
92.59255335375512175
97.84715493788149843
103.61971732846426164
109.30298099263160339
115.52675554329023555
122.36582390995205571
129.90881790851574351
138.26148705490882662
147.55092001660415235
157.93105404941971415
169.58994813036500204
182.75950491628967143
197.72864472870702457
214.86142738248585715
231.85380831941483848
251.21246873286622758
273.42580964342624839
299.11993776549610402
329.10928252159408203
364.47077111266531801
406.65518519297273770
457.65899485304828431
520.29800908812239868
598.65940399943519878
698.88117084804071055
806.27581735077740177
944.30430232538833479
1126.76586624314745677
1376.62408820101518359
1734.72302421913650505
2280.32861589433105109
3186.82865810093107939
4906.41080214417434036
9013.60904479557575542
