3.97698535404797981
3.99469338915141625
4.01254922648243983
4.03055463638905653
4.04871141661708656
4.06702139282837116
4.08548641913052890
4.10410837861862277
4.12288918392898296
4.14183077780554054
4.16093513367897394
4.18020425625903247
4.20272092194357239
4.22546437145011211
4.24843787917111104
4.27164478056941110
4.29508847357072643
4.31877241999362838
4.34270014701826312
4.36687524869495380
4.39130138749396171
4.41598229589769620
4.44092177803672605
4.46941919521410203
4.49825744283528461
4.52744235669792783
4.55697990163762334
4.58687617501735101
4.61713741032859293
4.64776998090819227
4.67878040377523252
4.71017534359250334
4.74196161675713945
4.77414619562536302
4.81021541861155200
4.84679049399371831
4.88388156161405629
4.92149902371157655
4.95965355323088453
4.99835610244246364
5.03761791188805663
5.07745051966529104
5.11786577106642859
5.15887582858699112
5.20049318232056024
5.24634088967108525
5.29293518806745045
5.34029342124549267
5.38843345294895482
5.43737368602129489
5.48713308232856889
5.53773118355536909
5.58918813291816097
5.64152469784301402
5.69476229365735787
5.74892300834844772
5.80767745449884032
5.86753443836977429
5.92852341276942063
5.99067484588500410
6.05402026419297101
6.11859229752277400
6.18442472639976160
6.25155253180129744
6.32001194746884920
6.38984051492882354
6.46107714138516886
6.53727911854889498
6.61511967731285466
6.69464886774201950
6.77591871330508333
6.85898330639826703
6.94389890937137189
7.03072406142508299
7.11951969177679000
7.21034923952288587
7.30327878065928360
7.39837716275782498
7.49879522406842725
7.60167826730382412
7.70711206919051772
7.81518626250817583
7.92599454933812453
8.03963492837752902
8.15620993740112254
8.27582691204826482
8.39859826221760208
8.52464176746757474
8.65408089294789917
8.78911926468523497
8.92793437578892224
9.07067573197011257
9.21750049645987346
9.36857397373696621
9.52407012978888545
9.68417215212966553
9.84907305312539272
10.01897632054164156
10.19409661963339175
10.37466055155188371
10.56090747335056079
10.75309038544108553
10.95147689298867988
11.15635024845312451
11.36801048328835329
11.58677563772276109
11.81298309856794582
12.04699105616312593
12.28918009287489177
12.53995491705999932
12.79974625808936395
13.06485948857237922
13.33963003948665538
13.62455583388088876
13.92016819960672258
14.22703464955618280
14.54576193974119924
14.87699943776024902
15.22144283858579605
15.57983826966602159
15.95298683318123878
16.34174964006773578
16.73451772854044961
17.14374841606234412
17.57042048879140594
18.01558873364853142
18.48039127976833740
18.96605779324061913
19.47391864164561071
20.00541516324373958
20.56211119733240622
21.14570605789406699
21.75804916304741354
22.37107227878070503
23.01402064218786592
23.68897391893412063
24.39820125509168136
25.14418281683462908
25.92963428479912480
26.75753478077986713
27.63115879388004004
28.55411278181768964
29.53037725545097203
30.56435531660603644
31.59152963705655992
32.67829508646602932
33.82959707418832096
35.05092139313976674
36.34836818299612560
37.72873816175102490
39.19963353506678772
40.76957654354878002
42.44814930333520664
44.24615947834380592
46.17583745079318902
48.08327141060718191
50.12670882617531731
52.32010906660708116
54.67932906102689117
57.22244835987637401
59.97016211695292043
62.94625891047218147
66.17820526129277425
69.69786531558655440
73.54239308410801357
77.75534680189650771
81.92423008206560553
86.48080353420517952
91.47746202231766688
96.97606904161285968
103.05013542228881818
109.78761631022211986
117.29453809696414623
125.69975302180648669
135.16124627577079309
145.87461139465980864
158.08460196044083546
170.38496677693160564
184.36985385190016018
200.38083573789228353
218.85399443039915468
240.35396982447420555
265.62351787233529876
295.65734259613992663
331.81503453376467405
375.99912766714686541
430.94579610064135977
500.71923119213664677
577.65651412806505505
676.54016408372285696
807.25610689549034760
986.25570472779997999
1242.80009844752908066
1633.67631184749916429
2283.10135978389007505
3515.02773762849983541
6457.47006167480139993
-nan(ind)
