3.97698535404798070
4.02191595078834929
4.06780335674476134
4.11467696521266557
4.16256734220201441
4.21150628391837767
4.26152687758959914
4.31266356586395894
4.36495221502325847
4.41843018727319325
4.47313641739396672
4.52911149405654267
4.59922473825075162
4.67137277513654681
4.74564066654470906
4.82211809615487930
4.90089967873771215
4.98208529404990852
5.06578044767233848
5.15209666132560784
5.24115189547061888
5.33307100730879835
5.42798624764116067
5.53894659456838934
5.65412156095513296
5.77374117140003396
5.89805178664180829
6.02731753708683993
6.16182190693541365
6.30186948744269326
6.44778792048121741
6.59993005662606436
6.75867635554097212
6.92443756059504167
7.10712731937114395
7.29865739145213688
7.49964080309476611
7.71074604088518711
7.93270328513616185
8.16631148750111535
8.41244642761826533
8.67206990855545357
8.94624028106609259
9.23612452345349233
9.54301214877707871
9.86360518128091890
10.20363076523131696
10.56477547575964060
10.94891795926158551
11.35815632076565329
11.79484025195626451
12.26160887338934913
12.76143549745293804
13.29768081575861594
13.87415639597553962
14.49520086580368883
15.11139119246469242
15.77408148849265146
16.48831657504976889
17.25986599482520489
18.09535548509585112
19.00242760936268027
19.98993927184185537
21.06820624232032912
22.24930808941561367
23.54747141772965691
24.97955555839341102
26.32792118667484260
27.80421814612741116
29.42606395266168917
31.21432198761893062
33.19386360203914421
35.39455108424147767
37.85251878237606604
40.61186182630154917
43.72688976228957358
47.26517495000737057
51.31173762619739875
54.91217537951320793
58.95706493217391397
63.52712269476913320
68.72293942197980243
74.67130635616612722
81.53406691286616592
89.52073318369212984
98.90684381919064094
110.06130415580577164
123.48819088804616229
139.89263047840881882
153.52724978528669908
169.53403619647707501
188.53371332236864077
211.37264392198909491
239.23185347073564344
273.80427897866047715
317.59472855701631033
374.45219706924990533
450.57014248486598262
556.50310493156030134
711.61007569529738248
820.96112151518934752
961.50403852037379693
1147.28943586955006140
1401.69919980962686168
1766.32140586407103910
2321.86591139588017541
3244.87895810130930840
4995.78528301093137998
9177.80070932008311502
-nan(ind)
