3.04858735157374428
3.07459132039627647
3.10104272527525104
3.12795321460537590
3.15533484465450975
3.18320009757362188
3.21156190036954037
3.24043364490108798
3.26982920896358564
3.29976297853146772
3.33024987123390970
3.36130536114395895
3.40001050210992517
3.43961739943411793
3.48015793836815490
3.52166552533582777
3.56417517974264975
3.60772363251598804
3.65234943195855610
3.69809305755644546
3.74499704244791154
3.79310610533173342
3.84246729267502163
3.89977552880447842
3.95881908642463465
4.01967799680702509
4.08243728934092864
4.14718738790028940
4.21402454553834982
4.28305132190472637
4.35437710836513414
4.42811870647869199
4.50440096626704900
4.58335749161189021
4.66958068013434158
4.75911016895290384
4.85213984981443325
4.94887907728292120
5.04955424154177113
5.15441053715580999
5.26371395688142485
5.37775354465486455
5.49684394793522291
5.62132831685749235
5.75158160644788374
5.88604405632494743
6.02694402334308510
6.17475514886207399
6.32999870675056275
6.49324974561209789
6.66514420662244067
6.84638720268443990
7.03776268613475064
7.24014478451257126
7.45451115010652199
7.68195875338204193
7.90425864073176143
8.13980772373591499
8.38982687372759450
8.65569171458368558
8.93895794488926754
9.24139180048628184
9.56500691744854059
9.91210922132813721
10.28535195829079640
10.68780364600744726
11.12303262713223617
11.52506289319065935
11.95724488002732855
12.42310274805715231
12.92673213191508452
13.47292087196855803
14.06730170348666142
14.71654722801600634
15.42862148801933664
16.21310829120332642
17.08164506492017765
18.04850405329630547
18.88735860028235081
19.80799017018116714
20.82296975194225297
21.94758408823560814
23.20061091163352529
24.60537581766464044
26.19121783726219732
27.99556079898851735
30.06690423044679505
32.46924809676634993
35.28882296015078168
37.54894726922419324
40.11838814849785706
43.06530870735781491
46.47948769551113202
50.48162562686206201
55.23791173885453532
60.98368236071164716
68.06355893530792400
77.00321708118715947
88.64626545329025475
104.43742354030268871
114.88116589433295189
127.64573988259216719
143.60145736791619697
164.11595127761850677
191.46860982388824368
229.76233178866587537
287.20291473583233710
382.93721964777643052
574.40582947166467420
1148.81165894332934840
