5.00671534848911293
5.03906646488061050
5.07183837664733339
5.10503934754729372
5.13867785914722308
5.17276261804617832
5.20730256338855124
5.24230687468010448
5.27778497992137829
5.31374656407361456
5.35020157787316997
5.38716024701125029
5.43432486985697594
5.48232264007013192
5.53117583027647353
5.58090751412867281
5.63154160264384451
5.68310288253725293
5.73561705668134802
5.78911078682885982
5.84361173874916506
5.89914862993848210
5.95575128007674426
6.02358085843358015
6.09297324687286856
6.16398308615287949
6.23666759428531670
6.31108672030088247
6.38730330915665601
6.46538327873868113
6.54539581000755977
6.62741355143987043
6.71151283903528117
6.79777393328978530
6.89593017723400870
6.99696259969228773
7.10099949720116275
7.20817691196234023
7.31863922533817668
7.43253980676687931
7.55004172423037723
7.67131852319593488
7.79655508185648927
7.92594855153360722
8.05970939230369687
8.20524817974025567
8.35613978042940531
8.51268503574262603
8.67520776149929951
8.84405698377348060
9.01960944098212281
9.20227239000340624
9.39248676031608554
9.59073070757875534
9.79752362693741752
10.01343069697822941
10.23906803802640120
10.47510858392859667
10.72228878517087125
10.98141628396943226
11.25337872983529230
11.53915393834609482
11.83982163811820065
12.15657710340733288
12.49074703517364604
12.84380813549395306
13.21740892372980269
13.59362733436735304
13.99189047557070786
14.41419441281716729
14.86278369264354460
15.34019124995362127
15.84928626174978028
16.39333185668205672
16.97605513278362110
17.60173265884715477
18.27529560701373512
19.00245998438344586
19.71063104510694330
20.47362864249868153
21.29807616557449279
22.19170862965875912
23.16361610016301853
24.22455401201187186
25.38734286185187727
26.66738881667100003
28.08337018164975518
29.65815483153869536
31.42004465084940890
33.09531211180750887
34.95928638659233201
37.04575513889139415
39.39708417197022072
42.06712423978053295
45.12538580145755418
48.66317755896778863
52.80287816969426018
57.71238034674365025
63.62841886110007295
70.89588531284276485
77.98547384412702854
86.65052649347448721
97.48184230515879278
111.40781977732432040
129.97578974021172371
155.97094768825405708
194.96368461031755714
259.95157948042339058
389.92736922063511429
779.85473844127022858
