12.66463757225212383
12.72650339935291264
12.78889522387239452
12.85181930630269420
12.91528200297872608
12.97928976787719435
13.04384915445562321
13.10896681753252579
13.17464951520970473
13.24090411083789753
13.30773757502668886
13.37515698770004668
13.45395090530048599
13.53355116685639992
13.61396933016777311
13.69521716634212893
13.77730666462556819
13.86025003736365058
13.94405972509640712
14.02874840179132754
14.11432898021903704
14.20081461747576590
14.28821872065767096
14.38810697525647697
14.48920556877829746
14.59153505610433221
14.69511644210380297
14.79997119373415693
14.90612125252799025
15.01358904748091305
15.12239750835519914
15.23257007941507091
15.34413073360944679
15.45710398721944756
15.58372990060312269
15.71214924425302328
15.84239764843923481
15.97451165708265286
16.10852875655999839
16.24448740558862880
16.38242706623845990
16.52238823611970275
16.66441248179877377
16.80854247349657982
16.95482202112592418
17.11598753665457551
17.27979458978992255
17.44630397376782227
17.61557829010728327
17.78768201480630751
17.96268156742127076
18.14064538317611763
18.32164398825543117
18.50575007844495445
18.69303860129183903
18.88358684196870030
19.09030944478174874
19.30092351553052765
19.51553204241931283
19.73424154130918495
19.95716220457611456
20.18440805745084887
20.41609712227761975
20.65235159115825070
20.89329800747908905
21.13906745685254762
21.38979576804102223
21.65800231153498956
21.93197663802054365
22.21189338114539069
22.49793402785203611
22.79028725005411360
23.08914925545129293
23.39472415876847577
23.70722437480350564
24.02687103477482111
24.35389442757744760
24.68853446768225979
25.04187523091825085
25.40386823199273891
25.77481225987971314
26.15501949706612095
26.54481626080915646
26.94454379336717054
27.35455910497424981
27.77523587366317415
28.20696540640597405
28.65015766644426520
29.10524237212436560
29.57996126856236074
30.06790127760263331
30.56958264109787393
31.08555221458453133
31.61638515045808262
32.16268670840855748
32.72509420435022065
33.30427911021349985
33.90094931823647073
34.51585158480671112
35.14977417048338282
35.80354969459884984
36.47805822481695515
37.17423062424922620
37.89305218122388652
38.63556654961128345
39.40288003077297674
40.19616623177095960
41.01667113850871260
41.86571864704222179
42.74471660147860774
43.65516339275939117
44.58410299679719202
45.54671823380035534
46.54474136238331994
47.58002090318839805
48.65453131991284863
49.77038366765327027
50.92983732182754153
52.13531291620592611
53.38940663618758009
54.69490603380413773
56.05480755449458741
57.42849661150653162
58.85953601211448927
60.35133194861621320
61.90755518417495296
63.53216660984193709
65.22944577129186428
67.00402277068313595
68.86091401293289493
70.80556234105422675
72.84388219432810274
74.98231052883421910
77.12282508507317402
79.36754051216783523
81.72369534412007397
84.19918766865450266
86.80265009400085319
89.54353499812911821
92.43221172279676523
95.48007768606005641
98.69968576480523836
102.10489075949885773
105.71101831721965425
109.29305847385208494
113.08255106554618408
117.09670908940090328
121.35462629932682432
125.87753461191822169
130.68910420813423912
135.81579471598683995
141.28726777593189468
147.13687371023578976
153.40222809034787588
160.12589792281153223
166.77160645754685220
173.89071141421609923
181.53179656186858892
189.75004958262636023
198.60839333117738192
208.17885346609111252
218.54422133008986862
229.80008814746159373
242.05734960709455095
255.44531095880137173
270.11556510887811555
284.63173083861107671
300.49721629606699480
317.89436588620543489
337.03847599914075772
358.18537709279462433
381.64116742341849431
407.77483505692680410
437.03480425396037390
469.97088466112637661
507.26376628213301956
549.76522018528521585
592.58023737895985050
641.25769323838153468
696.98629287839344215
761.28364068353437233
836.11473083071336987
924.06441233489272236
1028.59432827326804727
1154.43594721969361672
1308.21020995748563109
1499.43916751620577088
1742.26643600505803988
2010.02294304618135357
2354.15423748873263321
2809.06381618790601351
3432.00317415916833852
4324.80236753017743467
5685.08263889523641410
7945.12426974584013806
12232.29477538677019766
