7.00091146645378437
7.02447543869354885
7.04819857192914423
7.07208248418560981
7.09612881549427144
7.12033922826814258
7.14471540768503743
7.16925906207858432
7.19397192333732072
7.21885574731207136
7.24391231423181736
7.26914342912824729
7.29857434000599969
7.32824453621805549
7.35815694790739627
7.38831455325408371
7.41872037946371865
7.44937750378040775
7.48028905452494630
7.51145821215896436
7.54288821037577861
7.57458233721875729
7.60654393622799052
7.64298638508297312
7.67977970164580981
7.71692897765682151
7.75443940385599717
7.79231627240083036
7.83056497935536999
7.86919102725293040
7.90820002773502928
7.94759770426920653
7.98738989494848894
8.02758255537537480
8.07251010766688104
8.11794337765610230
8.16389095243239815
8.21036161460352965
8.25736434789218343
8.30490834292584346
8.35300300322782974
8.40165795141772875
8.45088303562978638
8.50068833615826591
8.55108417233918239
8.60643309846594740
8.66250321081959207
8.71930869721629165
8.77686412008254990
8.83518442890119893
8.89428497315694244
8.95418151580495980
9.01489024728741839
9.07642780012405304
9.13881126410444544
9.20205820211116077
9.27042382990724612
9.33981289023643235
9.41024853756674240
9.48175463014592523
9.55435575694541583
9.62807726585168666
9.70294529317291321
9.77898679453307551
9.85622957723024129
9.93470233414060289
10.01443467925514774
10.09936917114150567
10.18575668035519577
10.27363481483918406
10.36304249168898650
10.45401999461815201
10.54660903447748233
10.64085281301904828
10.73679609010975788
10.83448525461420786
10.93396839918264440
11.03529539919736280
11.14177516713038507
11.25032980600306054
11.36102055909380937
11.47391110389443369
11.58906767426360673
11.70655919001082523
11.82645739444350674
11.94883700045410357
12.07377584577223573
12.20135505805980891
12.33165923058490243
12.46684731526977963
12.60503230258692398
12.74631496428461297
12.89080064129815817
13.03859950568889658
13.18982684081166923
13.34460334120811531
13.50305543386532747
13.66531562263704558
13.83152285779940982
14.00182293290754920
14.17636891133535215
14.35532158512126699
14.53884996901133952
14.72713183289015149
14.92035427612525922
15.11871434772570311
15.32241971663556157
15.53168939695570927
15.74675453341783538
15.96785925303285936
16.19526158951060424
16.42563851093797567
16.66266421524474950
16.90663074705455671
17.15784750903375766
17.41664257096465818
17.68336409910299167
17.95838191891460056
18.24208922594119286
18.53490446143919357
18.83727337160787130
19.14967127171922456
19.46265870262143238
19.78604723519637432
20.12036409911016577
20.46617277001117685
20.82407613879852093
21.19472001934581584
21.57879703761323853
21.97705095141950338
22.39028145755721511
22.81934955162478218
23.26518351616586600
23.70720157763966185
24.16634083705218572
24.64361570335084295
25.14012233659899920
25.65704705270285046
26.19567578680123177
26.75740477422898067
27.34375263582279203
27.95637408781406208
28.59707553693369420
29.26783287025823910
29.92657029058750240
30.61564316767396932
31.33719635066493225
32.09358176946913233
32.88738404442241148
33.72144999291570855
34.59892274281121871
35.52328131418396140
36.49838672011826191
37.52853587453916617
38.61852489432628488
39.68094697785699054
40.80347863608239578
41.99136968801072811
43.25049962530224690
44.58747493562930231
46.00974505280634475
47.52574122988383465
49.14504380244320458
50.87858485213954651
52.73889533104611615
54.74040845823763846
56.68548635970677196
58.77388481634187656
61.02205033313296667
63.44904588529625045
66.07709278666428077
68.93225304135344800
72.04529658918092139
75.45281465911955365
79.19866475691375740
83.33586855489546963
87.92913742401667321
92.43798672838360631
97.43424077583487986
103.00144770222235024
109.24340794680249189
116.29070663867391033
124.30994876781579705
133.51709843320685422
144.19722018306435984
156.73451887868500876
171.65954281076949428
189.72619473408514068
208.69881420749365475
231.88757134165959428
260.87351775936707554
298.14116315356238829
347.83135701248943406
417.39762841498730950
521.74703551873415108
695.66271402497886811
