7.83797605729308344
7.90947389208527518
7.98214287372648901
8.05601007885394260
8.13110339015942074
8.20745152581943493
8.28508407020301085
8.36403150592153999
8.44432524728878953
8.52599767526332819
8.60908217394975139
8.69361316873937362
8.80192217548766287
8.91264357611473734
9.02585324869254357
9.14163015217543418
9.26005648031636142
9.38121782475380606
9.50520334790618371
9.63210596636137772
9.76202254550405613
9.89505410618357928
10.03130604429102846
10.19546630721244185
10.36440015546203597
10.53830377976681554
10.71738381502701110
10.90185802707756757
11.09195605349263936
11.28792020340445745
11.49000632183251192
11.69848472460646960
11.91364121062497539
12.13577815893184564
12.39032097236617602
12.65428053945566766
12.92815014064774104
13.21245667513682776
13.50776350348730581
13.81467357894262804
14.13383290179759477
14.46593433592482292
14.81172183199323378
15.17199510822702635
15.54761484687894146
15.95995557685125910
16.39143778133343687
16.84332409019059185
17.31698608617883650
17.81391602355218495
18.33574006643065246
18.88423327894960480
19.46133664018141829
20.06917640604550712
20.71008619978404397
21.38663228443526165
22.10164255805267786
22.85823991896702623
23.65988077895282160
24.51039966287894600
25.41406103217877188
26.37561971647224368
27.40039164619687639
28.49433696654700654
29.66415810231411498
30.91741596479709031
32.26266828649725227
33.63689054311620197
35.11269436694369972
36.70089275792958716
38.41382470207442879
40.26562688790901490
42.27256450876679139
44.45343648827014960
46.83007514009627670
49.42796659752896460
52.27702699282420440
55.41258130944546423
58.52475076419654698
61.94125482845691977
65.70541524020786994
69.86881737461864361
74.49332188781069419
79.65368183996318407
85.44098576409626844
91.96724275806127480
99.37157011667162010
107.82866641171025890
117.56060256019857491
127.07138028110755101
137.94026895247523612
150.45509424523217490
164.98714731593005922
182.02279844405862264
202.21030498945813747
226.43091037037598312
255.91003640725904233
292.39712403765844329
338.46813335243922438
398.05848901385979843
459.21642745815097442
537.81995441758670040
641.72759917546090946
784.01689732043917047
987.94815404420000959
1298.66259583936152922
1814.90301739366282163
2794.18631098606647356
5133.19596628325962229
