3.04858735157374738
3.06828593585019771
3.08824074229412115
3.10845680270509162
3.12893928150633993
3.14969348014320705
3.17072484165781443
3.19203895544824245
3.21364156222096176
3.23553855914573196
3.25773600522269069
3.28024012687189792
3.30895865042299553
3.33818447713585797
3.36793116880508192
3.39821277497029639
3.42904385504206388
3.46043950164327052
3.49241536524461171
3.52498768017867592
3.55817329212346412
3.59198968715310585
3.62645502246104012
3.66775643071937685
3.71000943352996071
3.75324730163277875
3.79750487505659517
3.84281865674675815
3.88922691297724743
3.93676978112749199
3.98548938546196041
4.03542996161447576
4.08663799055047328
4.13916234285992601
4.19892964795679990
4.26044825721788190
4.32379629036265456
4.38905658344360639
4.45631705022544011
4.52567107730932960
4.59721795673657407
4.67106336028589375
4.74731986022899566
4.82610750194162996
4.90755443449604822
4.99617295495504798
5.08805080166715928
5.18337115684588667
5.28233119183860822
5.38514342850859684
5.49203726275572723
5.60326067316101195
5.71908214154103245
5.83979281672119921
5.96570895823742742
6.09717470314748944
6.23456520691754434
6.37829021874853286
6.52879816310251915
6.68658081306296115
6.85217865812917104
7.02618708988918339
7.20926355474725078
7.40213585480994674
7.60561181786154528
7.82059060731758926
8.04807600608256912
8.27715527427881703
8.51965757176552607
8.77679830216431967
9.04994416913336153
9.34063747591390836
9.65062526345198179
9.98189444972406470
10.33671446351353218
10.71768930617097304
11.12782156681347523
11.57059172031007321
12.00179684946200354
12.46638583900612574
12.96839166836562462
13.51252418586236637
14.10431832937672425
14.75032307974534618
15.45834483321750064
16.23776439987457110
17.09995499368195127
18.05884085615716828
19.13165499559852378
20.15172480913827968
21.28669814040278752
22.55714828685105289
23.98887177234846035
25.61465830350765671
27.47683277634766696
29.63099302987640726
32.15165538887615071
35.14104967189508955
38.74332360419138155
43.16848156917438928
47.48532972609182679
52.76147747343536309
59.35666215761478526
67.83618532298832804
79.14221621015303754
94.97065945218365357
118.71332431522957052
158.28443242030607507
237.42664863045914103
474.85329726091828206
