3.97698535404798470
4.00283533190034291
4.02900079389469212
4.05548727401800946
4.08230043187260883
4.10944605616624870
4.13693006831696142
4.16475852617693931
4.19293762788004631
4.22147371581769182
4.25037328074798726
4.27964296604343364
4.31492125475955213
4.35074369382608950
4.38712233130395290
4.42406956042773380
4.46159813171955033
4.49972116560646818
4.53845216556570463
4.57780503182329124
4.61779407563304556
4.65843403416443103
4.69974008602934301
4.74776687118256557
4.79670759061960172
4.84658716496998476
4.89743139405641337
4.94926699492798949
5.00212164184563868
5.05602400833598242
5.11100381143784066
5.16709185827409900
5.22432009509076600
5.28272165891501277
5.34857385380232486
5.41594490417757246
5.48488489431164883
5.55544604534828945
5.62768282725428293
5.70165207774415794
5.77741312868500589
5.85502794052877640
5.93456124536550433
6.01608069924089772
6.09965704443698886
6.19138671803815122
6.28564786082990867
6.38254010039837372
6.48216813976973771
6.58464207557715309
6.69007774001461719
6.79859706865297131
6.91032849640110758
7.02540738412660826
7.14397647870816765
7.26618640957965134
7.39708712030413018
7.53227187390753539
7.67194013973892730
7.81630342536919898
7.96558617334243824
8.12002673787719509
8.27987844986211385
8.44541077949199703
8.61691060702906952
8.79468361346993710
8.97905580437620898
9.17212951601730886
9.37265813266566461
9.58105055641653891
9.79774483943109686
10.02321075936148453
10.25795266814464135
10.50251264823286057
10.75747401522533053
11.02346521156033710
11.30116414257057400
11.59130301396986873
11.88871240916793148
12.19965816860692875
12.52501580409200699
12.86573474366937653
13.22284610122082071
13.59747143072281084
13.99083261208252260
14.40426304080635944
14.83922032408481329
15.29730072229843785
15.78025561884468253
16.26524656503389465
16.77638816145433864
17.31569012978353328
17.88536489888890912
18.48785317411424955
19.12585340876528406
19.80235588135793634
20.52068222946687115
21.28453147360529840
22.09803379209145291
22.96581359285001156
23.82010824321197973
24.72972701392114914
25.69980462675623656
26.73610493107367247
27.84511776337740585
29.03417393618121167
30.31158238707453023
31.68679456564863628
33.17060249604593736
34.77537873343170816
36.51536878210241355
38.19621454025475060
40.01140574431224906
41.97644803129266222
44.10922600466462029
46.43046504702547850
48.96430294776848768
51.73900261839664694
54.78784765893842490
58.15027712431248119
61.87333636137834247
66.01355003569237567
69.94688330432025225
74.28875984506731811
79.10111742146401070
84.45851161756573333
90.45140612485276677
97.19052737048966151
104.81270150477168102
113.48878808823400277
123.43463020360138671
134.92642627648675102
148.32271986926681961
160.92547074425115738
175.42269993062691924
192.23844559393256759
211.92708420069990893
235.22587372500996139
263.13450272442224787
297.03903094305917421
338.91147792011071260
391.64383072237092165
459.63293803247580627
549.86197588560401073
634.35255153869206879
742.94394445792374881
886.49256301371622158
1083.06476666800494968
1364.79420134335350667
1794.04254991896345928
2507.22093425134244171
3860.08352502504476433
7091.37950290022126865
-nan(ind)
