3.04858735157374694
3.06356091550275300
3.07868229496295820
3.09395368961229567
3.10937734297071611
3.12495554351894400
3.14069062583043435
3.15658497173769570
3.17264101153421541
3.18886122521324600
3.20524814374479305
3.22180435039217716
3.24170549963012355
3.26185403657226303
3.28225460291857596
3.30291195722194209
3.32383097858858223
3.34501667052002327
3.36647416490292750
3.38820872615348323
3.41022575552337326
3.43253079557473306
3.45512953483187513
3.48131517670389989
3.50790075970162052
3.53489551696560911
3.56230896805197128
3.59015093012504627
3.61843152967911497
3.64716121481851374
3.67635076812744588
3.70601132016278534
3.73615436360535158
3.76679176810744476
3.80119018952321008
3.83622265525638051
3.87190685877928509
3.90826115807795160
3.94530460714422082
3.98305698927593443
4.02153885230747843
4.06077154590250977
4.10077726105107221
4.14157907192463615
4.18320098025494147
4.22864388839180805
4.27508494956901242
4.32255741560742113
4.37109603188573370
4.42073712214969294
4.47151867916657864
4.52348046170046203
4.57666409832843257
4.63111319866749671
4.68687347263676379
4.74399285844037433
4.80478598948135271
4.86715744517081550
4.93116949910705848
4.99688774459711738
5.06438131885532794
5.13372314562033072
5.20499019798033480
5.27826378339801572
5.35362985315390905
5.43117933868426750
5.51100851758052990
5.59397036496710243
5.67946817732965403
5.76762003792389688
5.85855147673766208
5.95239606691436673
6.04929607943213199
6.14940320278686681
6.25287933533608165
6.35989745900856018
6.47064260429768190
6.58531291786224582
6.70179673069413440
6.82247557741285249
6.94758023272582825
7.07735871451878307
7.21207792499578382
7.35202548289338154
7.49751177323647244
7.64887224537813726
7.80646999513305584
7.97069867284084133
8.14198576638800908
8.31215543117613898
8.48959011925257556
8.67476522510782289
8.86819854536424934
9.07045511409277694
9.28215271524550545
9.50396818547148925
9.73664464276693842
9.98099980360593619
10.23793558469304799
10.50844922693984884
10.77134656143336322
11.04773560612645333
11.33868229031536856
11.64536786715242300
11.96910494345647002
12.31135625971587899
12.67375678697202801
13.05813984476827372
13.46656812055150709
13.90137069831776273
14.36518749998353250
14.80617635904819984
15.27509805343563798
15.77469334058685213
16.30807366434788719
16.87878601710948701
17.49089191522419640
18.14906420522292407
18.85870658121690369
19.62610228260637868
20.45860063647060656
21.36485317945304985
22.20829116296579997
23.12106039144773817
24.11207589790555161
25.19184962777808323
26.37286476193724383
27.67006051010077883
29.10146737806568140
30.68905037073591657
32.45984411789734025
34.44750505285664133
36.69447107066115876
38.74711830637732390
41.04301836240503576
43.62813547730115005
46.56079264409552820
49.91612468362779254
53.79260626944322610
58.32187786291535048
63.68399202794159919
70.13192177487994172
78.03263483235889453
87.93945601799846656
96.73340161979831464
107.48155735533146071
120.91675202474789330
138.19057374256902904
161.22233603299719107
193.46680323959665770
241.83350404949584345
322.44467206599443898
483.66700809899168689
967.33401619798337379
